Eigvals	6
0.144843604453	0.0795714940069	0.0206021021888	0.00655240935945	0.0	0.0

Proportion explained	6
0.575759546029	0.316300104788	0.0818942406762	0.0260461085075	0.0	0.0

Species	0	0

Site	6	6
S1	-0.0763193008748	0.0893099702775	0.0774343296613	-0.0483482794325	0.0	0.0
S2	-0.0649281930774	0.197089157018	-0.02292686613	0.043092659791	0.0	0.0
S3	-0.159576715093	-0.0666124999735	-0.0908173779782	-0.0297984170237	0.0	0.0
S4	-0.129152623067	-0.163479742173	0.0541926908936	0.0382458759857	0.0	0.0
S5	0.204544939892	-0.0269279853902	-0.0459268235482	-0.000573838120005	0.0	0.0
S6	0.225431892221	-0.0293788997581	0.0280440471016	-0.00261800120049	0.0	0.0

Biplot	0	0

Site constraints	0	0
