Eigvals	6
0.0340040098003	0.0174479121474	0.00452159757835	0.00287997988143	0.000939151602828	0.0

Proportion explained	6
0.568698815419	0.29180696712	0.0756212929507	0.0481661179555	0.015706806555	0.0

Species	0	0

Site	6	6
S1	-0.0093819683356	0.0557236866813	0.0175948856323	0.017437839936	-0.0212037454376	-0.0
S2	0.0170136946269	0.0706022945841	0.000880012896171	0.0139224676687	0.0210465228735	-0.0
S3	0.084669250481	-0.0870117507875	0.0122916493113	0.0209124559413	0.00176578518975	-0.0
S4	0.0862066303613	0.0137865635294	-0.0370893498412	-0.027723488497	-0.0055486642709	-0.0
S5	-0.0499245862591	-0.0168772998182	0.0396617416034	-0.033188872308	0.00353988905734	-0.0
S6	-0.128583020875	-0.0362234941891	-0.0333389396021	0.00863959725906	0.000400212587983	-0.0

Biplot	0	0

Site constraints	0	0
