	sequences per sample	iteration	S1	S2	S3	S4	S5	S6
alpha_rarefaction_10_0.txt	10	0	23.0	12.0	23.0	29.0	13.0	13.0
alpha_rarefaction_10_1.txt	10	1	13.0	8.5	23.0	13.0	13.0	13.0
alpha_rarefaction_10_2.txt	10	2	7.0	13.0	55.0	29.0	13.0	22.0
alpha_rarefaction_10_3.txt	10	3	9.0	13.0	22.0	13.0	23.0	12.0
alpha_rarefaction_10_4.txt	10	4	23.0	12.0	7.0	13.0	13.0	12.0
alpha_rarefaction_10_5.txt	10	5	23.0	13.0	13.0	13.0	23.0	23.0
alpha_rarefaction_10_6.txt	10	6	12.0	12.0	13.0	16.0	5.0	13.0
alpha_rarefaction_10_7.txt	10	7	29.0	13.0	13.0	29.0	55.0	23.0
alpha_rarefaction_10_8.txt	10	8	23.0	23.0	13.0	8.5	29.0	8.5
alpha_rarefaction_10_9.txt	10	9	23.0	12.0	23.0	23.0	23.0	9.0
alpha_rarefaction_209_0.txt	209	0	42.4285714286	38.0	50.0	43.5	46.25	31.75
alpha_rarefaction_209_1.txt	209	1	45.0	38.1428571429	56.6	41.8571428571	32.8571428571	41.3333333333
alpha_rarefaction_209_2.txt	209	2	34.25	74.0	46.8571428571	40.5	36.0	36.0
alpha_rarefaction_209_3.txt	209	3	53.5	28.3333333333	48.25	63.25	41.3333333333	40.2
alpha_rarefaction_209_4.txt	209	4	34.6666666667	38.1428571429	48.875	49.0	34.875	55.3333333333
alpha_rarefaction_209_5.txt	209	5	36.5	55.0	42.2727272727	54.1428571429	41.1428571429	34.5
alpha_rarefaction_209_6.txt	209	6	45.0	62.0	56.5	42.0	36.1111111111	35.1428571429
alpha_rarefaction_209_7.txt	209	7	40.1428571429	63.0	48.8571428571	38.3333333333	38.2	41.0
alpha_rarefaction_209_8.txt	209	8	38.6666666667	38.6666666667	46.4285714286	39.625	50.75	47.0
alpha_rarefaction_209_9.txt	209	9	43.0	74.0	46.4285714286	36.6666666667	46.6	52.5
alpha_rarefaction_408_0.txt	408	0	45.0	39.875	43.4285714286	62.0	39.8571428571	51.0
alpha_rarefaction_408_1.txt	408	1	48.5	36.6666666667	48.1111111111	47.0	45.0	41.25
alpha_rarefaction_408_2.txt	408	2	65.0	41.0	56.0	48.625	41.75	46.5
alpha_rarefaction_408_3.txt	408	3	46.1428571429	56.5	51.0	62.5	56.0	47.0
alpha_rarefaction_408_4.txt	408	4	41.75	51.25	54.5	46.1428571429	64.5	49.0
alpha_rarefaction_408_5.txt	408	5	46.4285714286	41.5	50.2	42.1	45.0	48.3333333333
alpha_rarefaction_408_6.txt	408	6	64.1428571429	40.625	52.2	50.0	47.0	33.2
alpha_rarefaction_408_7.txt	408	7	42.5	44.0	47.6666666667	50.1666666667	37.75	43.1111111111
alpha_rarefaction_408_8.txt	408	8	54.0	43.2	47.625	44.5	43.5	44.6
alpha_rarefaction_408_9.txt	408	9	62.5	45.0	51.0	45.5	45.1111111111	40.25
alpha_rarefaction_607_0.txt	607	0	68.75	64.5	50.0	61.1666666667	44.0	64.0
alpha_rarefaction_607_1.txt	607	1	84.0	48.0	51.3333333333	56.4285714286	56.8571428571	40.6666666667
alpha_rarefaction_607_2.txt	607	2	65.5	40.25	54.0	42.8333333333	45.6666666667	44.2
alpha_rarefaction_607_3.txt	607	3	55.0	42.0	64.0	45.5	46.0	75.0
alpha_rarefaction_607_4.txt	607	4	62.6	47.0	48.5	45.875	48.75	45.2
alpha_rarefaction_607_5.txt	607	5	60.6	40.2	51.2	49.0	47.75	83.0
alpha_rarefaction_607_6.txt	607	6	67.75	45.6	52.75	51.5	47.1428571429	47.5
alpha_rarefaction_607_7.txt	607	7	47.25	57.0	58.0	46.2	47.6	47.2
alpha_rarefaction_607_8.txt	607	8	55.0	40.2	50.0	48.0	44.5	49.2
alpha_rarefaction_607_9.txt	607	9	53.0	45.5	51.75	52.625	49.75	54.0
alpha_rarefaction_806_0.txt	806	0	65.3333333333	47.2	51.2	51.6666666667	42.6	48.0
alpha_rarefaction_806_1.txt	806	1	48.6666666667	64.6	50.0	50.2	48.75	48.625
alpha_rarefaction_806_2.txt	806	2	67.5	52.0	68.0	65.0	56.0	47.25
alpha_rarefaction_806_3.txt	806	3	52.6	50.0	56.0	51.5	53.0	47.6666666667
alpha_rarefaction_806_4.txt	806	4	50.0	45.0	57.6666666667	54.0	47.5	44.5
alpha_rarefaction_806_5.txt	806	5	56.1666666667	47.5	52.5	57.0	52.0	46.6
alpha_rarefaction_806_6.txt	806	6	59.3333333333	57.0	57.0	48.75	53.0	66.0
alpha_rarefaction_806_7.txt	806	7	70.0	48.2	46.6	52.25	46.4285714286	44.875
alpha_rarefaction_806_8.txt	806	8	49.6666666667	60.75	53.2	49.0	50.0	51.1428571429
alpha_rarefaction_806_9.txt	806	9	60.0	43.5	51.3333333333	48.0	51.0	53.5
alpha_rarefaction_1005_0.txt	1005	0	155.0	52.0	51.2	56.2	44.6	56.0
alpha_rarefaction_1005_1.txt	1005	1	67.1428571429	51.6	54.5	46.0	57.5	46.75
alpha_rarefaction_1005_2.txt	1005	2	63.375	53.3333333333	55.1428571429	62.0	47.5	43.0
alpha_rarefaction_1005_3.txt	1005	3	70.5	46.5	52.6666666667	55.1428571429	46.2	49.5
alpha_rarefaction_1005_4.txt	1005	4	68.0	48.5	58.25	49.6666666667	46.8571428571	50.6
alpha_rarefaction_1005_5.txt	1005	5	58.875	44.8571428571	55.2	51.75	46.6	44.5
alpha_rarefaction_1005_6.txt	1005	6	57.1666666667	48.2	57.25	57.0	56.0	51.6
alpha_rarefaction_1005_7.txt	1005	7	56.875	53.2	52.5	52.1428571429	46.4285714286	45.4285714286
alpha_rarefaction_1005_8.txt	1005	8	72.75	51.6	49.0	56.0	57.0	48.25
alpha_rarefaction_1005_9.txt	1005	9	60.25	48.0	53.0	61.75	51.875	43.0
alpha_rarefaction_1204_0.txt	1204	0	76.0	45.6666666667	51.75	52.4285714286	50.75	66.3333333333
alpha_rarefaction_1204_1.txt	1204	1	66.0	58.0	83.5	55.6	58.0	54.5
alpha_rarefaction_1204_2.txt	1204	2	65.2	50.25	60.25	55.6	59.2	53.3333333333
alpha_rarefaction_1204_3.txt	1204	3	67.1	48.0	61.0	48.0	55.0	47.5
alpha_rarefaction_1204_4.txt	1204	4	66.5	46.0	63.3333333333	53.5	59.0	50.6666666667
alpha_rarefaction_1204_5.txt	1204	5	61.25	52.0	60.25	55.6666666667	48.0	50.1428571429
alpha_rarefaction_1204_6.txt	1204	6	60.25	47.5	83.5	57.0	56.5	45.2
alpha_rarefaction_1204_7.txt	1204	7	67.1111111111	49.75	78.5	53.2	56.0	46.6666666667
alpha_rarefaction_1204_8.txt	1204	8	56.0	65.3333333333	67.0	66.0	53.2	56.5
alpha_rarefaction_1204_9.txt	1204	9	64.0	51.0	55.0	52.0	50.1428571429	50.25
alpha_rarefaction_1403_0.txt	1403	0	66.2	49.25	59.5	60.2	58.3333333333	54.1428571429
alpha_rarefaction_1403_1.txt	1403	1	67.1	54.5	60.0	56.6666666667	51.0	45.0
alpha_rarefaction_1403_2.txt	1403	2	80.25	59.25	56.0	60.0	51.4285714286	52.25
alpha_rarefaction_1403_3.txt	1403	3	61.5	49.0	58.2	61.2	49.6	52.6
alpha_rarefaction_1403_4.txt	1403	4	63.3333333333	55.2	57.0	53.1428571429	48.125	50.5
alpha_rarefaction_1403_5.txt	1403	5	61.5	71.0	65.0	58.0	51.5	47.0
alpha_rarefaction_1403_6.txt	1403	6	65.1428571429	51.75	67.0	61.0	52.1428571429	48.0
alpha_rarefaction_1403_7.txt	1403	7	60.6	52.0	58.75	52.1111111111	52.0	50.5
alpha_rarefaction_1403_8.txt	1403	8	62.0	61.0	90.0	58.0	48.5	47.4285714286
alpha_rarefaction_1403_9.txt	1403	9	56.5	47.0	56.6666666667	56.6	51.2	51.5
alpha_rarefaction_1602_0.txt	1602	0	61.0	72.5	72.0	59.0	54.0	52.2
alpha_rarefaction_1602_1.txt	1602	1	61.0	53.6666666667	61.2	57.0	49.75	51.0
alpha_rarefaction_1602_2.txt	1602	2	73.5	56.0	57.5	68.0	55.0	49.5
alpha_rarefaction_1602_3.txt	1602	3	66.0	53.2	58.0	51.2	49.6	49.1428571429
alpha_rarefaction_1602_4.txt	1602	4	58.6	55.6	67.0	51.2	52.5	55.0
alpha_rarefaction_1602_5.txt	1602	5	67.6666666667	51.1428571429	53.0	52.6666666667	52.5	50.75
alpha_rarefaction_1602_6.txt	1602	6	72.375	52.25	58.2	54.0	52.6666666667	48.5
alpha_rarefaction_1602_7.txt	1602	7	63.6	50.5	77.3333333333	58.6	54.5	52.2
alpha_rarefaction_1602_8.txt	1602	8	59.1428571429	54.6666666667	111.0	51.2	51.5	46.0
alpha_rarefaction_1602_9.txt	1602	9	72.1666666667	47.75	61.6	69.0	49.375	49.5
alpha_rarefaction_1801_0.txt	1801	0	62.5	53.5	58.5	57.2	53.3333333333	54.6666666667
alpha_rarefaction_1801_1.txt	1801	1	63.875	53.2	65.0	58.2	52.5	49.6666666667
alpha_rarefaction_1801_2.txt	1801	2	67.4285714286	53.25	65.2	55.5	49.75	48.0
alpha_rarefaction_1801_3.txt	1801	3	64.6	78.5	62.0	53.0	50.0	48.1428571429
alpha_rarefaction_1801_4.txt	1801	4	67.0	54.5	56.0	53.0	53.0	48.6666666667
alpha_rarefaction_1801_5.txt	1801	5	67.6666666667	52.5	59.0	57.25	49.125	57.2
alpha_rarefaction_1801_6.txt	1801	6	65.1111111111	53.25	77.3333333333	52.6666666667	51.75	53.25
alpha_rarefaction_1801_7.txt	1801	7	80.0	69.3333333333	66.3333333333	58.5	55.2	58.0
alpha_rarefaction_1801_8.txt	1801	8	58.1	58.0	61.25	57.5	56.2	45.75
alpha_rarefaction_1801_9.txt	1801	9	59.6	65.0	61.25	58.2	52.5	55.6
alpha_rarefaction_2000_0.txt	2000	0	70.1428571429	54.0	58.75	56.75	54.3333333333	58.3333333333
alpha_rarefaction_2000_1.txt	2000	1	79.0	54.25	75.0	73.0	52.5	49.0
alpha_rarefaction_2000_2.txt	2000	2	68.0	53.0	70.0	67.0	52.0	56.6
alpha_rarefaction_2000_3.txt	2000	3	63.5	57.0	64.0	62.0	50.5	50.3333333333
alpha_rarefaction_2000_4.txt	2000	4	74.5	58.0	55.2	60.6	56.75	51.0
alpha_rarefaction_2000_5.txt	2000	5	76.125	56.0	62.6666666667	122.0	53.5	54.5
alpha_rarefaction_2000_6.txt	2000	6	71.0	68.6	65.3333333333	52.75	52.5	49.0
alpha_rarefaction_2000_7.txt	2000	7	61.5454545455	53.2	58.0	59.0	52.2	50.5
alpha_rarefaction_2000_8.txt	2000	8	61.875	54.2	60.2	59.0	57.0	50.6666666667
alpha_rarefaction_2000_9.txt	2000	9	71.1428571429	50.5	62.0	54.3333333333	51.75	49.0