Eigvals	6
0.169080657265	0.0777047093181	0.0298605658035	0.00993397394823	0.0	0.0

Proportion explained	6
0.589994809571	0.271145002146	0.104196299683	0.0346638886002	0.0	0.0

Species	0	0

Site	6	6
S1	-0.0941906731165	0.0618557453812	0.0934561934366	-0.0651810374683	0.0	0.0
S2	-0.069231479884	0.202639100921	-0.0121520000621	0.0461747421722	0.0	0.0
S3	-0.198357265005	-0.0743900039022	-0.118504424713	-0.0239323219484	0.0	0.0
S4	-0.0988939874182	-0.145579566722	0.0718449102482	0.0536652797841	0.0	0.0
S5	0.239827698323	0.0282222007013	-0.0415475114132	-0.000723797061312	0.0	0.0
S6	0.220845707101	-0.0727474763787	0.00690283250343	-0.0100028654783	0.0	0.0

Biplot	0	0

Site constraints	0	0
