Eigvals	6
0.0355046458063	0.020257532742	0.00583658314286	0.00323304940867	0.000893147983106	0.0

Proportion explained	6
0.540200348569	0.308216741778	0.0888031460848	0.0491905883819	0.0135891751865	0.0

Species	0	0

Site	6	6
S1	-0.0140172598895	0.0593979641078	0.0196231727813	-0.018665113339	0.0207032488552	-0.0
S2	0.011720291413	0.0764601864591	0.000556847086305	-0.0150804654071	-0.0204989158387	-0.0
S3	0.0961640637423	-0.0890974622925	0.00768564902597	-0.0233893575462	-0.00122201805723	-0.0
S4	0.0865792823183	0.0224374956443	-0.0339132395189	0.0346915913999	0.00500545674221	-0.0
S5	-0.0574600225312	-0.0297379623605	0.0489788752556	0.0293161756247	-0.00420960610415	-0.0
S6	-0.122986355053	-0.0394602215582	-0.0429313046303	-0.00687283073238	0.000221834402721	-0.0

Biplot	0	0

Site constraints	0	0
