	sequences per sample	iteration	S1	S2	S3	S4	S5	S6
alpha_rarefaction_10_0.txt	10	0	13.0	22.0	13.0	7.0	23.0	8.5
alpha_rarefaction_10_1.txt	10	1	16.0	13.0	23.0	55.0	23.0	6.2
alpha_rarefaction_10_2.txt	10	2	23.0	13.0	55.0	7.0	12.0	8.5
alpha_rarefaction_10_3.txt	10	3	29.0	4.0	23.0	12.0	29.0	16.0
alpha_rarefaction_10_4.txt	10	4	23.0	29.0	13.0	23.0	13.0	23.0
alpha_rarefaction_10_5.txt	10	5	13.0	5.33333333333	23.0	23.0	55.0	22.0
alpha_rarefaction_10_6.txt	10	6	13.0	12.0	13.0	29.0	23.0	13.0
alpha_rarefaction_10_7.txt	10	7	8.5	13.0	23.0	7.0	55.0	13.0
alpha_rarefaction_10_8.txt	10	8	12.0	12.0	4.0	29.0	55.0	13.0
alpha_rarefaction_10_9.txt	10	9	23.0	12.0	13.0	55.0	13.0	23.0
alpha_rarefaction_209_0.txt	209	0	48.75	43.25	41.0	43.875	36.3333333333	42.0
alpha_rarefaction_209_1.txt	209	1	36.5	48.5	56.6	47.0	40.1	32.75
alpha_rarefaction_209_2.txt	209	2	39.6666666667	35.1111111111	50.4285714286	34.2	43.0	39.3333333333
alpha_rarefaction_209_3.txt	209	3	32.1428571429	39.0	43.5	53.0	42.0	33.0
alpha_rarefaction_209_4.txt	209	4	47.1666666667	37.1428571429	44.7692307692	46.4285714286	53.3333333333	60.5
alpha_rarefaction_209_5.txt	209	5	47.0	48.2	59.1428571429	43.5	41.0	33.875
alpha_rarefaction_209_6.txt	209	6	44.0	32.875	72.0	42.1111111111	44.0	27.1111111111
alpha_rarefaction_209_7.txt	209	7	36.0	34.5	39.625	44.3333333333	42.3333333333	39.25
alpha_rarefaction_209_8.txt	209	8	33.5	37.1111111111	45.5	32.5	35.0	50.3333333333
alpha_rarefaction_209_9.txt	209	9	36.25	36.5	43.1428571429	42.1111111111	58.2	47.0
alpha_rarefaction_408_0.txt	408	0	53.0	41.0	54.5	43.25	39.6666666667	45.6666666667
alpha_rarefaction_408_1.txt	408	1	54.0	39.5	44.75	45.5	45.6666666667	46.0
alpha_rarefaction_408_2.txt	408	2	48.0	36.5	44.75	46.2	41.8571428571	45.3333333333
alpha_rarefaction_408_3.txt	408	3	55.0	50.1666666667	59.0	41.625	61.0	48.8571428571
alpha_rarefaction_408_4.txt	408	4	48.875	42.1111111111	46.875	46.2727272727	56.75	50.0
alpha_rarefaction_408_5.txt	408	5	46.0	36.8571428571	58.0	50.0	40.0	41.5
alpha_rarefaction_408_6.txt	408	6	58.3333333333	49.5	48.9090909091	55.0	46.2	40.75
alpha_rarefaction_408_7.txt	408	7	49.0	52.25	51.0	48.875	43.2	42.5
alpha_rarefaction_408_8.txt	408	8	41.5	39.6666666667	48.5	48.0	38.4285714286	37.5
alpha_rarefaction_408_9.txt	408	9	43.6666666667	53.0	51.1428571429	49.4285714286	51.5	43.6
alpha_rarefaction_607_0.txt	607	0	56.25	43.75	48.75	47.0	49.0	46.0
alpha_rarefaction_607_1.txt	607	1	70.4285714286	41.0	50.1428571429	50.5	47.0	45.25
alpha_rarefaction_607_2.txt	607	2	49.5	54.0	46.5	44.875	47.5	40.5
alpha_rarefaction_607_3.txt	607	3	71.75	47.6666666667	51.0	50.0	48.1428571429	60.5
alpha_rarefaction_607_4.txt	607	4	49.0	50.2	51.2	42.4285714286	47.0	63.5
alpha_rarefaction_607_5.txt	607	5	45.5	38.5	56.0	59.0	49.0	50.4285714286
alpha_rarefaction_607_6.txt	607	6	51.5	53.1666666667	57.0	62.5	51.6	51.0
alpha_rarefaction_607_7.txt	607	7	52.1666666667	64.5	52.5	50.6	45.1111111111	41.5
alpha_rarefaction_607_8.txt	607	8	74.0	50.3333333333	54.25	53.0	47.0	39.0
alpha_rarefaction_607_9.txt	607	9	66.0	50.5	46.375	57.0	42.1666666667	63.0
alpha_rarefaction_806_0.txt	806	0	55.1428571429	46.25	52.75	50.6666666667	60.0	52.0
alpha_rarefaction_806_1.txt	806	1	62.2	66.5	64.25	44.8571428571	58.0	58.2
alpha_rarefaction_806_2.txt	806	2	50.0	52.3333333333	50.8571428571	49.75	46.0	54.0
alpha_rarefaction_806_3.txt	806	3	53.0	44.75	48.5	51.6	46.375	64.5
alpha_rarefaction_806_4.txt	806	4	68.0	42.5	66.0	57.25	59.25	43.0
alpha_rarefaction_806_5.txt	806	5	57.0	40.75	55.25	50.5	46.8571428571	44.1428571429
alpha_rarefaction_806_6.txt	806	6	71.0	50.0	65.0	50.2	51.0	51.0
alpha_rarefaction_806_7.txt	806	7	64.1111111111	49.0	57.0	47.75	57.3333333333	49.0
alpha_rarefaction_806_8.txt	806	8	55.0	49.0	54.0	67.5	47.6666666667	50.0
alpha_rarefaction_806_9.txt	806	9	56.1666666667	52.3333333333	67.0	102.5	57.5	44.5
alpha_rarefaction_1005_0.txt	1005	0	54.0	53.5	57.0	50.4285714286	49.75	73.0
alpha_rarefaction_1005_1.txt	1005	1	58.4285714286	40.25	51.2	60.0	49.4285714286	53.2
alpha_rarefaction_1005_2.txt	1005	2	58.8571428571	49.5	56.0	53.6	46.2	51.3333333333
alpha_rarefaction_1005_3.txt	1005	3	55.2	56.0	62.5	48.3333333333	54.25	52.2
alpha_rarefaction_1005_4.txt	1005	4	57.4285714286	55.0	64.0	61.0	48.6666666667	64.5
alpha_rarefaction_1005_5.txt	1005	5	56.2	60.75	48.5	54.1111111111	51.5	49.0
alpha_rarefaction_1005_6.txt	1005	6	98.3333333333	51.6666666667	55.75	76.5	49.25	42.5
alpha_rarefaction_1005_7.txt	1005	7	56.5	58.25	52.5	53.0	47.8571428571	58.0
alpha_rarefaction_1005_8.txt	1005	8	77.25	59.0	60.0	48.8571428571	56.3333333333	49.0
alpha_rarefaction_1005_9.txt	1005	9	63.2	51.0	52.5	53.0	55.2	46.1428571429
alpha_rarefaction_1204_0.txt	1204	0	64.6666666667	45.0	67.0	59.0	49.75	52.0
alpha_rarefaction_1204_1.txt	1204	1	58.0909090909	51.25	63.0	56.0	53.5	50.0
alpha_rarefaction_1204_2.txt	1204	2	58.1428571429	53.5	60.0	50.75	49.6666666667	59.0
alpha_rarefaction_1204_3.txt	1204	3	60.1666666667	47.0	55.75	49.0	59.3333333333	69.0
alpha_rarefaction_1204_4.txt	1204	4	61.8571428571	46.6666666667	55.4285714286	51.0	48.4285714286	44.875
alpha_rarefaction_1204_5.txt	1204	5	74.1428571429	56.5	59.6666666667	57.6	51.75	53.6
alpha_rarefaction_1204_6.txt	1204	6	55.1111111111	54.2	51.5	56.6	47.0	50.6666666667
alpha_rarefaction_1204_7.txt	1204	7	74.0	52.0	56.0	57.2	49.5	50.3333333333
alpha_rarefaction_1204_8.txt	1204	8	59.8571428571	64.0	55.4285714286	51.1428571429	52.0	50.0
alpha_rarefaction_1204_9.txt	1204	9	59.3333333333	52.6	57.0	48.6666666667	53.6666666667	58.4285714286
alpha_rarefaction_1403_0.txt	1403	0	66.2	51.2	56.0	55.25	53.0	47.75
alpha_rarefaction_1403_1.txt	1403	1	56.1111111111	56.0	53.75	50.0	51.5	51.0
alpha_rarefaction_1403_2.txt	1403	2	55.75	49.5	55.5	63.0	51.3333333333	52.0
alpha_rarefaction_1403_3.txt	1403	3	66.75	54.0	54.5	53.5	51.3333333333	47.0
alpha_rarefaction_1403_4.txt	1403	4	70.6	55.2	58.5	48.2	48.5	46.2
alpha_rarefaction_1403_5.txt	1403	5	64.4285714286	55.6	68.0	54.2	50.5	45.375
alpha_rarefaction_1403_6.txt	1403	6	58.0	53.6	68.0	55.0	49.1428571429	55.3333333333
alpha_rarefaction_1403_7.txt	1403	7	58.2	66.5	73.0	53.875	59.0	54.0
alpha_rarefaction_1403_8.txt	1403	8	88.0	59.0	67.0	64.0	51.6666666667	62.2
alpha_rarefaction_1403_9.txt	1403	9	74.5	56.0	64.5	57.25	49.2	45.5
alpha_rarefaction_1602_0.txt	1602	0	59.1428571429	49.0	61.6666666667	60.0	50.2	45.2
alpha_rarefaction_1602_1.txt	1602	1	61.5	52.0	62.0	52.5	50.0	50.3333333333
alpha_rarefaction_1602_2.txt	1602	2	55.0	60.0	55.0	57.0	52.2	56.0
alpha_rarefaction_1602_3.txt	1602	3	89.0	52.2	57.0	56.0	50.0	47.2
alpha_rarefaction_1602_4.txt	1602	4	66.75	62.25	63.5	61.0	55.6666666667	46.25
alpha_rarefaction_1602_5.txt	1602	5	60.6	52.625	74.0	51.2	50.5	51.25
alpha_rarefaction_1602_6.txt	1602	6	63.1111111111	85.0	83.0	50.0	53.5	51.625
alpha_rarefaction_1602_7.txt	1602	7	57.8	96.5	60.25	53.4285714286	49.6	57.5
alpha_rarefaction_1602_8.txt	1602	8	73.1666666667	49.5	68.0	69.0	54.0	55.0
alpha_rarefaction_1602_9.txt	1602	9	71.0	56.0	68.0	57.0	53.75	52.25
alpha_rarefaction_1801_0.txt	1801	0	63.5	51.5	78.5	59.0	55.2	58.2
alpha_rarefaction_1801_1.txt	1801	1	61.2727272727	60.25	75.0	68.0	48.0	51.0
alpha_rarefaction_1801_2.txt	1801	2	62.875	47.75	60.0	53.6666666667	53.0	52.2
alpha_rarefaction_1801_3.txt	1801	3	66.3333333333	56.0	61.25	55.2	51.2	48.2
alpha_rarefaction_1801_4.txt	1801	4	61.1428571429	53.6666666667	57.0	52.3	50.375	57.0
alpha_rarefaction_1801_5.txt	1801	5	60.1538461538	72.5	56.75	59.0	50.5	52.0
alpha_rarefaction_1801_6.txt	1801	6	65.3333333333	54.6	61.0	55.0	49.6	51.1428571429
alpha_rarefaction_1801_7.txt	1801	7	59.5	67.0	69.0	57.0	51.75	47.5
alpha_rarefaction_1801_8.txt	1801	8	71.0	50.5	55.6666666667	54.1428571429	50.0	49.875
alpha_rarefaction_1801_9.txt	1801	9	63.5	58.3333333333	63.0	52.6666666667	49.25	54.25
alpha_rarefaction_2000_0.txt	2000	0	69.4285714286	52.0	62.25	59.6	50.4285714286	60.3333333333
alpha_rarefaction_2000_1.txt	2000	1	76.1666666667	49.6666666667	60.0	62.0	50.375	50.6666666667
alpha_rarefaction_2000_2.txt	2000	2	54.25	50.6666666667	63.6	54.25	54.0	53.2
alpha_rarefaction_2000_3.txt	2000	3	72.6666666667	52.1428571429	59.2	60.0	52.4285714286	50.1111111111
alpha_rarefaction_2000_4.txt	2000	4	62.1428571429	51.625	59.0	59.0	53.0	47.6666666667
alpha_rarefaction_2000_5.txt	2000	5	60.6	55.6	61.5	55.1428571429	51.5	50.1111111111
alpha_rarefaction_2000_6.txt	2000	6	62.0	57.2	70.0	51.125	49.0	58.2
alpha_rarefaction_2000_7.txt	2000	7	58.3333333333	52.5	61.25	57.6	52.75	51.75
alpha_rarefaction_2000_8.txt	2000	8	69.4285714286	64.75	61.25	53.75	54.3333333333	51.75
alpha_rarefaction_2000_9.txt	2000	9	67.8571428571	52.1428571429	59.0	55.0	55.0	55.6