	sequences per sample	iteration	S1	S2	S3	S4	S5	S6
alpha_rarefaction_10_0.txt	10	0	1.15974	1.12391	1.54788	0.87939	1.39253	1.39209
alpha_rarefaction_10_1.txt	10	1	1.17756	1.22326	1.3406	1.54099	1.32324	1.19362
alpha_rarefaction_10_2.txt	10	2	1.18179	1.47272	1.47462	0.97276	1.30518	1.31822
alpha_rarefaction_10_3.txt	10	3	1.14178	0.80109	1.1241	1.00481	1.17163	1.38454
alpha_rarefaction_10_4.txt	10	4	1.27639	1.12377	1.33972	1.18608	1.74372	1.60647
alpha_rarefaction_10_5.txt	10	5	1.14828	1.08639	1.60286	1.35942	1.57453	1.29181
alpha_rarefaction_10_6.txt	10	6	1.26961	1.06382	1.24845	1.15437	1.72281	1.39222
alpha_rarefaction_10_7.txt	10	7	1.30774	1.33228	1.48206	0.83653	1.4847	1.44068
alpha_rarefaction_10_8.txt	10	8	1.1736	1.11173	0.87256	0.94038	1.88378	1.43654
alpha_rarefaction_10_9.txt	10	9	1.17155	1.00467	1.19481	1.48789	1.3339	1.40217
alpha_rarefaction_209_0.txt	209	0	2.94341	3.19253	3.42649	3.30541	3.25913	2.82297
alpha_rarefaction_209_1.txt	209	1	2.61658	2.69484	3.31397	3.34171	3.5057	3.27463
alpha_rarefaction_209_2.txt	209	2	2.79021	2.58206	3.27839	3.10743	3.39254	2.99086
alpha_rarefaction_209_3.txt	209	3	2.81164	2.92412	3.45702	3.43669	3.10591	3.14781
alpha_rarefaction_209_4.txt	209	4	3.05835	2.64263	3.50322	3.41597	3.22731	3.04205
alpha_rarefaction_209_5.txt	209	5	2.72825	2.78067	3.65223	3.39924	3.17491	2.94717
alpha_rarefaction_209_6.txt	209	6	2.77704	2.74016	3.22609	3.2628	3.18588	2.4929
alpha_rarefaction_209_7.txt	209	7	2.71812	2.68232	3.05714	3.31662	3.63319	3.40438
alpha_rarefaction_209_8.txt	209	8	2.53901	2.84061	3.3529	2.94711	2.92393	3.16741
alpha_rarefaction_209_9.txt	209	9	3.1295	2.64982	3.08295	3.17865	3.53184	3.10021
alpha_rarefaction_408_0.txt	408	0	3.42667	2.87806	3.80188	3.2304	3.51685	3.78764
alpha_rarefaction_408_1.txt	408	1	3.48247	2.82956	3.41287	3.409	3.59262	3.61742
alpha_rarefaction_408_2.txt	408	2	3.08773	3.09094	3.63048	3.60813	3.60423	3.42161
alpha_rarefaction_408_3.txt	408	3	3.1703	3.28025	3.72486	3.40859	3.73945	3.5307
alpha_rarefaction_408_4.txt	408	4	3.10393	3.21598	3.82452	3.75743	3.68323	3.75092
alpha_rarefaction_408_5.txt	408	5	3.38872	2.75346	3.65438	3.63868	3.46043	3.60319
alpha_rarefaction_408_6.txt	408	6	3.04334	3.54114	3.88506	3.75692	3.73898	3.59828
alpha_rarefaction_408_7.txt	408	7	3.15811	3.32321	3.49872	3.7853	3.66351	3.424
alpha_rarefaction_408_8.txt	408	8	3.03822	2.94026	3.7515	3.67576	3.51307	3.45483
alpha_rarefaction_408_9.txt	408	9	3.02675	3.21805	3.54135	3.71284	3.82742	3.48233
alpha_rarefaction_607_0.txt	607	0	3.58265	3.50038	3.86069	3.80877	3.79185	3.74401
alpha_rarefaction_607_1.txt	607	1	4.21733	3.35195	3.99957	3.95822	3.75304	3.61592
alpha_rarefaction_607_2.txt	607	2	3.32234	3.13426	3.75917	3.60759	3.75608	3.60571
alpha_rarefaction_607_3.txt	607	3	3.99659	3.23128	3.72273	3.86097	3.798	3.90188
alpha_rarefaction_607_4.txt	607	4	3.52889	3.2186	3.84085	3.73684	3.90177	3.61933
alpha_rarefaction_607_5.txt	607	5	3.4125	3.05906	4.21693	3.90124	3.86235	3.76473
alpha_rarefaction_607_6.txt	607	6	3.85468	3.47236	4.12549	3.85708	3.80874	3.88825
alpha_rarefaction_607_7.txt	607	7	3.26031	3.23442	3.9694	3.88284	3.72693	3.57833
alpha_rarefaction_607_8.txt	607	8	3.7791	3.27312	4.30661	3.693	3.63027	3.59918
alpha_rarefaction_607_9.txt	607	9	3.34226	2.91272	3.84355	3.83942	3.78864	3.70895
alpha_rarefaction_806_0.txt	806	0	3.48609	3.41703	4.13248	3.68257	4.04386	3.79324
alpha_rarefaction_806_1.txt	806	1	4.30252	3.29757	4.36964	3.78519	4.0457	3.87036
alpha_rarefaction_806_2.txt	806	2	3.29048	3.53276	4.20187	3.81837	3.81573	3.86167
alpha_rarefaction_806_3.txt	806	3	3.70097	3.35569	3.94065	3.72599	3.94311	3.723
alpha_rarefaction_806_4.txt	806	4	3.66205	3.32237	4.25031	3.91344	3.89862	3.68173
alpha_rarefaction_806_5.txt	806	5	3.5204	3.38145	4.30401	3.78336	3.82598	3.86018
alpha_rarefaction_806_6.txt	806	6	3.46632	3.11782	4.02171	3.94532	3.96952	3.81056
alpha_rarefaction_806_7.txt	806	7	3.88595	3.31056	4.07619	3.86358	3.99845	3.77522
alpha_rarefaction_806_8.txt	806	8	3.6527	3.579	4.22741	3.80117	3.79129	3.81611
alpha_rarefaction_806_9.txt	806	9	3.93189	3.40432	4.21572	4.09266	3.87153	3.85348
alpha_rarefaction_1005_0.txt	1005	0	4.06107	3.61027	4.02263	4.01026	4.03955	3.90037
alpha_rarefaction_1005_1.txt	1005	1	3.89791	3.40413	4.05507	3.93104	3.99949	3.90508
alpha_rarefaction_1005_2.txt	1005	2	3.69516	3.47915	4.12278	3.95252	3.82753	3.85108
alpha_rarefaction_1005_3.txt	1005	3	3.61485	3.42873	4.29674	3.85618	3.99421	3.93324
alpha_rarefaction_1005_4.txt	1005	4	3.6686	3.61067	4.46499	4.06436	3.94688	3.97317
alpha_rarefaction_1005_5.txt	1005	5	3.82955	3.65499	3.8023	4.10742	3.9358	3.83674
alpha_rarefaction_1005_6.txt	1005	6	4.07316	3.66288	4.39457	4.00099	4.01356	3.85972
alpha_rarefaction_1005_7.txt	1005	7	4.09327	3.62037	4.23986	3.93378	3.79992	3.82809
alpha_rarefaction_1005_8.txt	1005	8	3.94698	3.82748	4.43971	3.93216	3.96013	3.86469
alpha_rarefaction_1005_9.txt	1005	9	3.65608	3.29378	4.30278	3.98634	3.88112	3.81359
alpha_rarefaction_1204_0.txt	1204	0	4.25813	3.4201	4.42917	3.83704	4.03651	3.91992
alpha_rarefaction_1204_1.txt	1204	1	4.2448	3.55387	4.45146	3.98712	4.07296	3.93674
alpha_rarefaction_1204_2.txt	1204	2	3.89549	3.41473	4.44602	4.01322	3.89862	3.99571
alpha_rarefaction_1204_3.txt	1204	3	3.9786	3.63338	4.39715	3.94198	4.07352	3.9119
alpha_rarefaction_1204_4.txt	1204	4	4.10509	3.68227	4.49653	3.95553	4.00401	3.91556
alpha_rarefaction_1204_5.txt	1204	5	4.32246	3.45719	4.37543	4.14665	4.02687	3.95641
alpha_rarefaction_1204_6.txt	1204	6	3.90881	3.80766	4.09396	4.10842	3.99065	3.88165
alpha_rarefaction_1204_7.txt	1204	7	4.14614	3.61959	4.3802	4.05109	3.9358	3.8933
alpha_rarefaction_1204_8.txt	1204	8	4.15999	3.74166	4.30858	4.02477	4.05078	3.9435
alpha_rarefaction_1204_9.txt	1204	9	3.83287	3.64399	4.21474	3.89939	3.93139	4.03852
alpha_rarefaction_1403_0.txt	1403	0	4.15949	3.65312	4.10469	3.9755	3.89774	3.74322
alpha_rarefaction_1403_1.txt	1403	1	3.9409	4.00955	3.92658	4.01558	4.04092	4.06154
alpha_rarefaction_1403_2.txt	1403	2	4.01415	3.62497	4.39231	4.08024	4.00724	4.08673
alpha_rarefaction_1403_3.txt	1403	3	3.83388	3.81903	4.35315	4.06077	3.98382	3.99349
alpha_rarefaction_1403_4.txt	1403	4	4.28275	3.59059	4.26714	3.99038	3.86003	3.8997
alpha_rarefaction_1403_5.txt	1403	5	4.11595	3.97793	4.44901	3.98532	4.07472	3.92825
alpha_rarefaction_1403_6.txt	1403	6	4.14436	3.96534	4.25843	4.00469	4.03546	3.96944
alpha_rarefaction_1403_7.txt	1403	7	3.828	3.92632	4.3024	4.10603	4.11701	3.95597
alpha_rarefaction_1403_8.txt	1403	8	4.18755	3.76115	4.33255	4.08717	4.07352	4.03728
alpha_rarefaction_1403_9.txt	1403	9	4.41586	3.91082	4.44143	4.12458	3.89715	3.66582
alpha_rarefaction_1602_0.txt	1602	0	4.2789	3.58249	4.51331	4.15381	4.07472	3.89435
alpha_rarefaction_1602_1.txt	1602	1	4.31081	4.06465	4.51044	3.95434	3.84747	4.04885
alpha_rarefaction_1602_2.txt	1602	2	3.93084	3.87577	4.46015	4.17143	4.07983	4.00164
alpha_rarefaction_1602_3.txt	1602	3	4.53339	3.65703	4.27681	4.15381	3.91093	3.98103
alpha_rarefaction_1602_4.txt	1602	4	4.49745	3.94472	4.32944	4.12788	3.97929	3.89764
alpha_rarefaction_1602_5.txt	1602	5	4.65668	4.00773	4.60084	4.03635	4.02687	3.90381
alpha_rarefaction_1602_6.txt	1602	6	4.54115	3.86691	4.54289	3.95186	4.09427	4.05183
alpha_rarefaction_1602_7.txt	1602	7	4.09961	3.88487	4.35233	4.10313	3.91989	3.92053
alpha_rarefaction_1602_8.txt	1602	8	4.56053	3.37182	4.41975	3.9271	4.11701	4.08428
alpha_rarefaction_1602_9.txt	1602	9	4.7168	4.05618	4.51425	4.08403	3.94899	3.96024
alpha_rarefaction_1801_0.txt	1801	0	4.63961	4.11501	4.61506	4.10514	4.10382	4.03955
alpha_rarefaction_1801_1.txt	1801	1	4.54905	3.88887	4.63235	4.10057	3.89774	3.98406
alpha_rarefaction_1801_2.txt	1801	2	4.3644	3.74071	4.44254	4.09657	4.07983	3.96213
alpha_rarefaction_1801_3.txt	1801	3	4.43316	4.11561	4.53322	4.12105	4.05945	4.02327
alpha_rarefaction_1801_4.txt	1801	4	4.16906	4.03367	4.51927	4.1051	4.06397	4.07568
alpha_rarefaction_1801_5.txt	1801	5	4.47281	3.79841	4.16916	4.14158	4.07352	4.02987
alpha_rarefaction_1801_6.txt	1801	6	4.28789	3.74349	4.4917	4.11081	4.0206	4.06347
alpha_rarefaction_1801_7.txt	1801	7	4.29175	3.79323	4.53293	4.11954	4.08671	3.96192
alpha_rarefaction_1801_8.txt	1801	8	4.31914	3.83605	4.41107	4.1444	4.07352	4.04093
alpha_rarefaction_1801_9.txt	1801	9	4.32458	4.14587	4.5435	4.03853	3.99918	4.03554
alpha_rarefaction_2000_0.txt	2000	0	4.56894	4.02763	4.63235	4.17147	4.07656	4.02564
alpha_rarefaction_2000_1.txt	2000	1	4.62577	3.84485	4.46147	4.18948	4.05761	4.07044
alpha_rarefaction_2000_2.txt	2000	2	4.09134	3.9601	4.65505	4.1265	4.11701	3.98081
alpha_rarefaction_2000_3.txt	2000	3	4.80964	3.79968	4.54446	4.08864	4.11701	4.04482
alpha_rarefaction_2000_4.txt	2000	4	4.20282	3.80476	4.38493	4.20677	4.11701	3.9804
alpha_rarefaction_2000_5.txt	2000	5	4.61381	4.14617	4.44133	4.16794	4.07352	4.06923
alpha_rarefaction_2000_6.txt	2000	6	4.29881	4.02763	4.4416	4.09315	4.03634	4.10198
alpha_rarefaction_2000_7.txt	2000	7	4.53088	3.87818	4.44273	4.08196	4.11701	3.99911
alpha_rarefaction_2000_8.txt	2000	8	4.46907	3.73542	4.56064	4.13464	3.97929	3.98703
alpha_rarefaction_2000_9.txt	2000	9	4.59274	4.07682	4.32195	4.18957	4.11701	4.10183