	sequences per sample	iteration	A1	A2	B1	B2	C1	C2	D1	D2	E1	E2	F1	F2	G1	G2	H1	H2	s1r1	s1	s2r1	s2	s3r1	s3	s4r1	s4	s5r1	s5	s6r1	s6	s7r1	s7	s8r1	s8
alpha_rarefaction_10_0.txt	10	0	0.0	0.5	0.2	0.0	0.0	0.5	0.4	0.6	0.4	0.0	0.2	0.2	0.2	0.6	0.2	0.4	0.0	0.3	0.4	0.4	0.0	0.0	0.0	0.0	0.4	0.2	0.2	0.0	0.0	0.0	0.3	0.0
alpha_rarefaction_10_1.txt	10	1	0.2	0.2	0.0	0.0	0.0	0.3	0.2	0.5	0.4	0.4	0.4	0.2	0.2	0.0	0.4	0.2	0.2	0.2	0.2	0.2	0.0	0.2	0.2	0.3	0.5	0.0	0.4	0.2	0.3	0.2	0.2	0.2
alpha_rarefaction_10_2.txt	10	2	0.6	0.2	0.4	0.4	0.3	0.0	0.4	0.4	0.0	0.2	0.2	0.0	0.0	0.2	0.2	0.0	0.0	0.4	0.2	0.2	0.4	0.2	0.5	0.4	0.4	0.0	0.4	0.2	0.5	0.0	0.3	0.2
alpha_rarefaction_10_3.txt	10	3	0.4	0.3	0.2	0.4	0.4	0.4	0.4	0.3	0.2	0.4	0.2	0.0	0.2	0.4	0.2	0.6	0.6	0.2	0.0	0.0	0.0	0.0	0.2	0.4	0.2	0.2	0.3	0.4	0.3	0.2	0.5	0.0
alpha_rarefaction_10_4.txt	10	4	0.3	0.4	0.2	0.4	0.0	0.4	0.0	0.0	0.4	0.2	0.7	0.4	0.2	0.0	0.0	0.0	0.2	0.0	0.2	0.4	0.5	0.2	0.2	0.3	0.7	0.2	0.4	0.2	0.5	0.2	0.0	0.4
alpha_rarefaction_10_5.txt	10	5	0.4	0.0	0.2	0.3	0.0	0.0	0.4	0.2	0.4	0.2	0.2	0.5	0.4	0.2	0.5	0.3	0.2	0.5	0.4	0.2	0.4	0.0	0.4	0.3	0.2	0.2	0.0	0.2	0.2	0.6	0.3	0.2
alpha_rarefaction_10_6.txt	10	6	0.4	0.0	0.4	0.2	0.4	0.2	0.0	0.4	0.0	0.0	0.2	0.6	0.0	0.0	0.3	0.2	0.2	0.5	0.0	0.4	0.4	0.0	0.3	0.4	0.4	0.4	0.0	0.0	0.0	0.0	0.6	0.5
alpha_rarefaction_10_7.txt	10	7	0.4	0.2	0.4	0.0	0.0	0.6	0.4	0.4	0.4	0.4	0.2	0.2	0.2	0.0	0.4	0.2	0.2	0.2	0.2	0.0	0.2	0.5	0.2	0.4	0.4	0.6	0.0	0.3	0.2	0.2	0.2	0.2
alpha_rarefaction_10_8.txt	10	8	0.5	0.0	0.2	0.6	0.0	0.0	0.2	0.2	0.5	0.0	0.2	0.2	0.2	0.0	0.0	0.3	0.6	0.2	0.4	0.2	0.0	0.4	0.0	0.2	0.0	0.4	0.5	0.4	0.0	0.4	0.2	0.0
alpha_rarefaction_10_9.txt	10	9	0.7	0.4	0.4	0.3	0.6	0.5	0.0	0.2	0.6	0.2	0.0	0.2	0.6	0.2	0.0	0.2	0.2	0.6	0.0	0.2	0.2	0.2	0.2	0.2	0.2	0.0	0.2	0.4	0.2	0.2	0.4	0.0
alpha_rarefaction_2009_0.txt	2009	0	0.975111996018	0.97162767546	0.968143354903	0.967147834744	0.967147834744	0.962170233947	0.960179193629	0.97212543554	0.967147834744	0.961174713788	0.976107516177	0.969138875062	0.968641114983	0.962667994027	0.971129915381	0.968641114983	0.969636635142	0.97262319562	0.969636635142	0.970632155301	0.966650074664	0.965654554505	0.962667994027	0.966152314584	0.973120955699	0.968641114983	0.975609756098	0.971129915381	0.970632155301	0.969138875062	0.97262319562	0.964659034345
alpha_rarefaction_2009_1.txt	2009	1	0.97262319562	0.97162767546	0.962667994027	0.964659034345	0.97162767546	0.966152314584	0.965156794425	0.961174713788	0.968641114983	0.965654554505	0.968641114983	0.967645594823	0.973120955699	0.971129915381	0.975111996018	0.963165754107	0.970134395222	0.970134395222	0.97212543554	0.965156794425	0.968143354903	0.970632155301	0.960676953708	0.963165754107	0.967645594823	0.97162767546	0.97212543554	0.976605276257	0.976107516177	0.97162767546	0.97212543554	0.973618715779
alpha_rarefaction_2009_2.txt	2009	2	0.97262319562	0.968641114983	0.969636635142	0.968641114983	0.964659034345	0.967147834744	0.966152314584	0.964161274266	0.966152314584	0.969138875062	0.974614235938	0.967147834744	0.964161274266	0.963663514186	0.970134395222	0.966650074664	0.965654554505	0.974116475859	0.965654554505	0.963663514186	0.966152314584	0.966650074664	0.964161274266	0.968143354903	0.966650074664	0.975111996018	0.97262319562	0.977103036336	0.97262319562	0.97262319562	0.976605276257	0.970134395222
alpha_rarefaction_2009_3.txt	2009	3	0.975111996018	0.968641114983	0.971129915381	0.961672473868	0.960676953708	0.964161274266	0.95769039323	0.961174713788	0.970632155301	0.970134395222	0.973618715779	0.968641114983	0.965156794425	0.965156794425	0.97162767546	0.963663514186	0.978098556496	0.975609756098	0.970134395222	0.962667994027	0.95769039323	0.965156794425	0.962170233947	0.969138875062	0.963663514186	0.964659034345	0.977103036336	0.974614235938	0.974614235938	0.966152314584	0.974614235938	0.974116475859
alpha_rarefaction_2009_4.txt	2009	4	0.968143354903	0.967147834744	0.970632155301	0.97262319562	0.97162767546	0.965654554505	0.969636635142	0.970134395222	0.968641114983	0.971129915381	0.97212543554	0.970632155301	0.976605276257	0.964161274266	0.968143354903	0.969138875062	0.967645594823	0.975111996018	0.969636635142	0.963663514186	0.964659034345	0.968143354903	0.966650074664	0.971129915381	0.965654554505	0.965654554505	0.970134395222	0.966650074664	0.967147834744	0.97162767546	0.977103036336	0.964659034345
alpha_rarefaction_2009_5.txt	2009	5	0.966152314584	0.963165754107	0.967645594823	0.970134395222	0.962667994027	0.966650074664	0.968143354903	0.967645594823	0.97262319562	0.962667994027	0.973120955699	0.969636635142	0.965156794425	0.962170233947	0.969138875062	0.974614235938	0.967645594823	0.977103036336	0.963165754107	0.971129915381	0.967645594823	0.962667994027	0.970134395222	0.970632155301	0.965156794425	0.968143354903	0.975609756098	0.97212543554	0.969636635142	0.968143354903	0.97262319562	0.970134395222
alpha_rarefaction_2009_6.txt	2009	6	0.982578397213	0.967645594823	0.967645594823	0.961672473868	0.961672473868	0.965654554505	0.969636635142	0.966650074664	0.969636635142	0.964659034345	0.97212543554	0.966650074664	0.970134395222	0.968641114983	0.968143354903	0.966650074664	0.97162767546	0.980089596814	0.971129915381	0.964659034345	0.97212543554	0.966650074664	0.965156794425	0.968641114983	0.964659034345	0.964161274266	0.975609756098	0.976107516177	0.971129915381	0.968641114983	0.974116475859	0.970134395222
alpha_rarefaction_2009_7.txt	2009	7	0.975609756098	0.97162767546	0.97162767546	0.966152314584	0.956197112992	0.968641114983	0.963663514186	0.971129915381	0.966152314584	0.967645594823	0.97262319562	0.966152314584	0.963165754107	0.966152314584	0.969636635142	0.971129915381	0.965156794425	0.974116475859	0.970134395222	0.964161274266	0.970134395222	0.97162767546	0.965654554505	0.969636635142	0.965654554505	0.974116475859	0.97162767546	0.973618715779	0.968641114983	0.964161274266	0.970134395222	0.978596316575
alpha_rarefaction_2009_8.txt	2009	8	0.970134395222	0.967645594823	0.962667994027	0.964659034345	0.969138875062	0.966650074664	0.973618715779	0.970134395222	0.965156794425	0.967147834744	0.970134395222	0.967645594823	0.966152314584	0.964659034345	0.967645594823	0.967147834744	0.97262319562	0.973618715779	0.974116475859	0.963663514186	0.97212543554	0.967645594823	0.967147834744	0.968641114983	0.97162767546	0.975111996018	0.975111996018	0.978098556496	0.973618715779	0.969138875062	0.971129915381	0.978098556496
alpha_rarefaction_2009_9.txt	2009	9	0.976605276257	0.965156794425	0.967645594823	0.973120955699	0.966152314584	0.973618715779	0.968143354903	0.962170233947	0.966650074664	0.964161274266	0.964161274266	0.967147834744	0.963165754107	0.973120955699	0.973618715779	0.970632155301	0.97262319562	0.970632155301	0.964659034345	0.967645594823	0.97212543554	0.965156794425	0.964161274266	0.967147834744	0.973120955699	0.967147834744	0.970632155301	0.975111996018	0.974116475859	0.967645594823	0.970632155301	0.970632155301
alpha_rarefaction_4008_0.txt	4008	0	0.98877245509	0.984281437126	0.984031936128	0.980538922156	0.985279441118	0.984031936128	0.983283433134	0.983532934132	0.988522954092	0.983532934132	0.986526946108	0.982784431138	0.98378243513	0.984780439122	0.984281437126	0.983283433134	0.98378243513	0.98627744511	0.982035928144	0.981786427146	0.98128742515	0.98378243513	0.983033932136	0.98253493014	0.983033932136	0.984031936128	0.985778443114	0.984281437126	0.985279441118	0.984530938124	0.986027944112	0.986526946108
alpha_rarefaction_4008_1.txt	4008	1	0.987275449102	0.98502994012	0.982285429142	0.983283433134	0.985778443114	0.98003992016	0.981536926148	0.982784431138	0.985528942116	0.982035928144	0.98502994012	0.984031936128	0.98502994012	0.985279441118	0.984031936128	0.984530938124	0.986027944112	0.984281437126	0.984780439122	0.98253493014	0.98627744511	0.983283433134	0.982285429142	0.98627744511	0.984031936128	0.985528942116	0.9875249501	0.984780439122	0.989021956088	0.984281437126	0.986526946108	0.985528942116
alpha_rarefaction_4008_2.txt	4008	2	0.986027944112	0.984530938124	0.985279441118	0.980538922156	0.981536926148	0.981786427146	0.984530938124	0.983532934132	0.988273453094	0.983532934132	0.985778443114	0.984780439122	0.981786427146	0.982035928144	0.98378243513	0.986526946108	0.985778443114	0.98877245509	0.98378243513	0.982784431138	0.986776447106	0.986776447106	0.983283433134	0.980538922156	0.983283433134	0.981786427146	0.987275449102	0.989520958084	0.987025948104	0.984780439122	0.985778443114	0.985528942116
alpha_rarefaction_4008_3.txt	4008	3	0.984780439122	0.986776447106	0.983033932136	0.98253493014	0.985279441118	0.984780439122	0.984281437126	0.98128742515	0.98502994012	0.982035928144	0.981786427146	0.985528942116	0.981786427146	0.98378243513	0.984530938124	0.98627744511	0.985778443114	0.98627744511	0.984530938124	0.98378243513	0.984031936128	0.984281437126	0.98253493014	0.984031936128	0.984031936128	0.986776447106	0.985528942116	0.9875249501	0.984530938124	0.9875249501	0.986027944112	0.986027944112
alpha_rarefaction_4008_4.txt	4008	4	0.984780439122	0.98378243513	0.982784431138	0.983033932136	0.982784431138	0.983283433134	0.982035928144	0.984031936128	0.984780439122	0.981536926148	0.98378243513	0.986526946108	0.983033932136	0.982784431138	0.984281437126	0.983033932136	0.987025948104	0.983532934132	0.983283433134	0.982035928144	0.985279441118	0.985778443114	0.982035928144	0.983283433134	0.98253493014	0.983532934132	0.98627744511	0.987275449102	0.986526946108	0.985279441118	0.989021956088	0.985528942116
alpha_rarefaction_4008_5.txt	4008	5	0.98378243513	0.984031936128	0.984530938124	0.985279441118	0.985279441118	0.985528942116	0.984031936128	0.982285429142	0.982035928144	0.983033932136	0.980289421158	0.981037924152	0.984031936128	0.98378243513	0.98253493014	0.984530938124	0.982285429142	0.985778443114	0.985528942116	0.981786427146	0.982035928144	0.982784431138	0.982035928144	0.987025948104	0.98627744511	0.984281437126	0.986526946108	0.985528942116	0.987025948104	0.984031936128	0.987275449102	0.98627744511
alpha_rarefaction_4008_6.txt	4008	6	0.983532934132	0.984780439122	0.981536926148	0.984780439122	0.986027944112	0.983283433134	0.98253493014	0.983033932136	0.984031936128	0.983532934132	0.985279441118	0.984780439122	0.984530938124	0.981536926148	0.985778443114	0.987275449102	0.986776447106	0.984530938124	0.985778443114	0.98128742515	0.982784431138	0.986526946108	0.98378243513	0.984281437126	0.985279441118	0.984031936128	0.985528942116	0.984780439122	0.985778443114	0.985279441118	0.984780439122	0.985279441118
alpha_rarefaction_4008_7.txt	4008	7	0.988023952096	0.98627744511	0.983283433134	0.984031936128	0.987774451098	0.981536926148	0.983532934132	0.982285429142	0.985279441118	0.984530938124	0.98502994012	0.981536926148	0.982784431138	0.982035928144	0.981786427146	0.985778443114	0.986526946108	0.988522954092	0.986526946108	0.98128742515	0.984530938124	0.985778443114	0.980788423154	0.983033932136	0.983283433134	0.983532934132	0.9875249501	0.98877245509	0.989520958084	0.985778443114	0.986776447106	0.984031936128
alpha_rarefaction_4008_8.txt	4008	8	0.98627744511	0.984530938124	0.98502994012	0.98378243513	0.981786427146	0.981786427146	0.983532934132	0.98128742515	0.985528942116	0.982285429142	0.98253493014	0.983532934132	0.984530938124	0.982784431138	0.98253493014	0.986776447106	0.981536926148	0.986526946108	0.982285429142	0.984780439122	0.984031936128	0.984031936128	0.983532934132	0.987275449102	0.983283433134	0.9875249501	0.986526946108	0.986776447106	0.985528942116	0.985279441118	0.986526946108	0.98502994012
alpha_rarefaction_4008_9.txt	4008	9	0.98502994012	0.985279441118	0.98128742515	0.981786427146	0.982784431138	0.982285429142	0.982035928144	0.98378243513	0.985279441118	0.981786427146	0.989021956088	0.985528942116	0.98253493014	0.98378243513	0.984281437126	0.983033932136	0.985528942116	0.985778443114	0.985279441118	0.982035928144	0.983283433134	0.985279441118	0.983283433134	0.987025948104	0.981536926148	0.979540918164	0.989770459082	0.9875249501	0.987774451098	0.987275449102	0.985279441118	0.984281437126
alpha_rarefaction_6007_0.txt	6007	0	0.990511070418	0.990677542867	0.99017812552	0.988180456135	0.990344597969	0.99017812552	0.990011653071	0.989179290827	0.992009322457	0.989512235725	0.991509905111	0.987847511237	0.990511070418	0.989012818379	0.990677542867	0.989678708174	0.993174629599	0.988513401032	0.991176960213	0.988346928583	0.990344597969	0.989345763276	0.990844015315	0.990677542867	0.990344597969	0.986349259198	0.991509905111	0.990011653071	0.992342267355	0.989678708174	0.991842850008	0.989845180623
alpha_rarefaction_6007_1.txt	6007	1	0.990677542867	0.990011653071	0.985516896954	0.990511070418	0.991343432662	0.989845180623	0.988180456135	0.98884634593	0.991343432662	0.98884634593	0.989678708174	0.989345763276	0.99017812552	0.988513401032	0.988513401032	0.989179290827	0.991176960213	0.990011653071	0.988180456135	0.988679873481	0.989179290827	0.989845180623	0.988679873481	0.989845180623	0.992342267355	0.990677542867	0.991010487764	0.993507574496	0.991010487764	0.989179290827	0.990677542867	0.990344597969
alpha_rarefaction_6007_2.txt	6007	2	0.989345763276	0.991509905111	0.989845180623	0.988346928583	0.990511070418	0.989345763276	0.989845180623	0.989678708174	0.990344597969	0.988679873481	0.990011653071	0.991176960213	0.990844015315	0.990344597969	0.991176960213	0.989345763276	0.990844015315	0.989345763276	0.990344597969	0.98884634593	0.988513401032	0.99017812552	0.989678708174	0.992508739804	0.989678708174	0.989678708174	0.991343432662	0.989512235725	0.991343432662	0.989678708174	0.99017812552	0.989179290827
alpha_rarefaction_6007_3.txt	6007	3	0.992175794906	0.990344597969	0.990511070418	0.98884634593	0.990011653071	0.988679873481	0.988679873481	0.98734809389	0.989845180623	0.989512235725	0.990677542867	0.988180456135	0.990511070418	0.990011653071	0.992009322457	0.991176960213	0.990511070418	0.987847511237	0.989845180623	0.988679873481	0.990511070418	0.987847511237	0.990344597969	0.990511070418	0.989345763276	0.989179290827	0.989345763276	0.991010487764	0.99300815715	0.989845180623	0.991343432662	0.989845180623
alpha_rarefaction_6007_4.txt	6007	4	0.992175794906	0.989845180623	0.98884634593	0.988346928583	0.989845180623	0.990677542867	0.989012818379	0.988346928583	0.990344597969	0.988679873481	0.992175794906	0.990677542867	0.989845180623	0.988180456135	0.990844015315	0.991010487764	0.989845180623	0.989012818379	0.990511070418	0.990677542867	0.990511070418	0.989512235725	0.98884634593	0.991010487764	0.992175794906	0.99017812552	0.991842850008	0.992675212252	0.992342267355	0.992342267355	0.991176960213	0.991010487764
alpha_rarefaction_6007_5.txt	6007	5	0.991176960213	0.989678708174	0.989012818379	0.989678708174	0.99017812552	0.987514566339	0.989179290827	0.989345763276	0.99017812552	0.989179290827	0.990677542867	0.987681038788	0.990011653071	0.990344597969	0.990511070418	0.989345763276	0.988346928583	0.991010487764	0.989012818379	0.99017812552	0.991509905111	0.990511070418	0.99017812552	0.989179290827	0.990011653071	0.990677542867	0.991010487764	0.990344597969	0.992175794906	0.991509905111	0.992175794906	0.991509905111
alpha_rarefaction_6007_6.txt	6007	6	0.990844015315	0.991176960213	0.989345763276	0.988013983686	0.990844015315	0.988513401032	0.989179290827	0.989179290827	0.989512235725	0.989678708174	0.990677542867	0.989012818379	0.988346928583	0.989512235725	0.990677542867	0.987181621442	0.991842850008	0.990344597969	0.988679873481	0.989012818379	0.991509905111	0.990344597969	0.989845180623	0.987847511237	0.992175794906	0.991176960213	0.992009322457	0.991010487764	0.99300815715	0.991176960213	0.988679873481	0.990344597969
alpha_rarefaction_6007_7.txt	6007	7	0.99167637756	0.989678708174	0.988346928583	0.987015148993	0.991842850008	0.991509905111	0.991010487764	0.990844015315	0.988346928583	0.989179290827	0.989345763276	0.990344597969	0.99017812552	0.989512235725	0.989179290827	0.989012818379	0.990011653071	0.990344597969	0.99167637756	0.990011653071	0.991509905111	0.991509905111	0.989345763276	0.989512235725	0.990511070418	0.991176960213	0.990344597969	0.991010487764	0.991010487764	0.991509905111	0.990511070418	0.990511070418
alpha_rarefaction_6007_8.txt	6007	8	0.991176960213	0.992841684701	0.988679873481	0.988180456135	0.990677542867	0.98734809389	0.990677542867	0.986848676544	0.99017812552	0.987681038788	0.989345763276	0.989345763276	0.991842850008	0.989345763276	0.991343432662	0.99017812552	0.989678708174	0.991010487764	0.989678708174	0.989345763276	0.991010487764	0.990344597969	0.988180456135	0.989678708174	0.989845180623	0.99017812552	0.991010487764	0.99017812552	0.990011653071	0.991010487764	0.991842850008	0.990677542867
alpha_rarefaction_6007_9.txt	6007	9	0.989012818379	0.992175794906	0.989512235725	0.988013983686	0.991010487764	0.990344597969	0.990511070418	0.988346928583	0.990011653071	0.990011653071	0.989012818379	0.988180456135	0.989345763276	0.990677542867	0.988013983686	0.989678708174	0.990011653071	0.989845180623	0.991010487764	0.989678708174	0.989678708174	0.991010487764	0.988180456135	0.990011653071	0.990677542867	0.989012818379	0.992342267355	0.992508739804	0.991010487764	0.992841684701	0.991176960213	0.990677542867
alpha_rarefaction_8006_0.txt	8006	0	0.993504871346	0.992380714464	0.993130152386	0.991631276543	0.994129402948	0.991881089183	0.991881089183	0.991381463902	0.992130901824	0.991881089183	0.991756182863	0.991756182863	0.992380714464	0.993130152386	0.992130901824	0.991756182863	0.993255058706	0.993130152386	0.992630527105	0.992255808144	0.994254309268	0.993504871346	0.991006744941	0.992505620784	0.993379965026	0.992505620784	0.993130152386	0.992630527105	0.99512865351	0.994254309268	0.993005246065	0.992755433425
alpha_rarefaction_8006_1.txt	8006	1	0.992880339745	0.993379965026	0.991381463902	0.993255058706	0.993130152386	0.991506370222	0.992380714464	0.991381463902	0.992380714464	0.991881089183	0.992130901824	0.993005246065	0.993005246065	0.991631276543	0.992130901824	0.993130152386	0.992505620784	0.994379215588	0.993879590307	0.991631276543	0.994004496628	0.991881089183	0.993130152386	0.993379965026	0.992755433425	0.993255058706	0.994878840869	0.993879590307	0.994004496628	0.991506370222	0.993754683987	0.993005246065
alpha_rarefaction_8006_2.txt	8006	2	0.991881089183	0.994629028229	0.992380714464	0.992255808144	0.992755433425	0.991631276543	0.993130152386	0.991631276543	0.993504871346	0.992380714464	0.993754683987	0.99050711966	0.992880339745	0.992755433425	0.992130901824	0.992380714464	0.992255808144	0.991881089183	0.99512865351	0.993629777667	0.994504121909	0.992880339745	0.992755433425	0.992005995503	0.994504121909	0.992505620784	0.993879590307	0.993754683987	0.993879590307	0.993005246065	0.993130152386	0.992505620784
alpha_rarefaction_8006_3.txt	8006	3	0.992505620784	0.992880339745	0.993130152386	0.992130901824	0.991756182863	0.991756182863	0.992005995503	0.993130152386	0.993879590307	0.992380714464	0.990632025981	0.993005246065	0.992005995503	0.993005246065	0.990632025981	0.992005995503	0.992755433425	0.992255808144	0.993879590307	0.993255058706	0.992880339745	0.992255808144	0.991256557582	0.991631276543	0.992005995503	0.991756182863	0.994004496628	0.992880339745	0.99537846615	0.992255808144	0.994129402948	0.992130901824
alpha_rarefaction_8006_4.txt	8006	4	0.992255808144	0.992630527105	0.993879590307	0.99038221334	0.994878840869	0.991256557582	0.993255058706	0.991256557582	0.993504871346	0.993005246065	0.992380714464	0.991381463902	0.993130152386	0.991631276543	0.991381463902	0.994129402948	0.993879590307	0.992880339745	0.993879590307	0.992755433425	0.993255058706	0.993005246065	0.992255808144	0.991881089183	0.993005246065	0.993504871346	0.994629028229	0.993379965026	0.994129402948	0.992380714464	0.993504871346	0.992880339745
alpha_rarefaction_8006_5.txt	8006	5	0.992755433425	0.993504871346	0.992380714464	0.992380714464	0.994753934549	0.991256557582	0.992380714464	0.991506370222	0.993255058706	0.991881089183	0.994004496628	0.992130901824	0.993754683987	0.991756182863	0.992505620784	0.993879590307	0.993005246065	0.993130152386	0.993629777667	0.991381463902	0.993879590307	0.992755433425	0.992630527105	0.993379965026	0.993005246065	0.994629028229	0.994504121909	0.993754683987	0.99512865351	0.993629777667	0.992630527105	0.992755433425
alpha_rarefaction_8006_6.txt	8006	6	0.992880339745	0.994004496628	0.992005995503	0.991756182863	0.994129402948	0.989632775418	0.993255058706	0.992880339745	0.993379965026	0.993005246065	0.992255808144	0.992505620784	0.992255808144	0.992755433425	0.992505620784	0.992880339745	0.992505620784	0.991506370222	0.993379965026	0.992005995503	0.991756182863	0.991631276543	0.992505620784	0.993754683987	0.993754683987	0.992505620784	0.994129402948	0.992505620784	0.99512865351	0.992755433425	0.993255058706	0.992630527105
alpha_rarefaction_8006_7.txt	8006	7	0.992880339745	0.993255058706	0.992755433425	0.990756932301	0.991881089183	0.991381463902	0.993879590307	0.991131651262	0.993754683987	0.991256557582	0.993255058706	0.993504871346	0.994004496628	0.993005246065	0.992005995503	0.991756182863	0.992005995503	0.992380714464	0.994129402948	0.994254309268	0.993504871346	0.991881089183	0.991881089183	0.990756932301	0.992505620784	0.991381463902	0.994129402948	0.992755433425	0.995878091431	0.993255058706	0.993504871346	0.992005995503
alpha_rarefaction_8006_8.txt	8006	8	0.99525355983	0.993130152386	0.992255808144	0.990632025981	0.993379965026	0.991131651262	0.992255808144	0.991131651262	0.991506370222	0.992880339745	0.993130152386	0.991756182863	0.993754683987	0.991881089183	0.992380714464	0.993879590307	0.993629777667	0.991381463902	0.991381463902	0.992630527105	0.994878840869	0.993879590307	0.993504871346	0.993504871346	0.991256557582	0.994004496628	0.994753934549	0.992755433425	0.99500374719	0.994504121909	0.992255808144	0.992630527105
alpha_rarefaction_8006_9.txt	8006	9	0.992880339745	0.993504871346	0.994004496628	0.992630527105	0.993130152386	0.993879590307	0.991506370222	0.99038221334	0.992005995503	0.991631276543	0.992505620784	0.991881089183	0.992880339745	0.992255808144	0.990881838621	0.992505620784	0.993879590307	0.993005246065	0.994129402948	0.992005995503	0.993754683987	0.992380714464	0.991506370222	0.992755433425	0.993629777667	0.992505620784	0.994629028229	0.993379965026	0.994504121909	0.993130152386	0.994878840869	0.992005995503
alpha_rarefaction_10005_0.txt	10005	0	0.995102448776	0.996301849075	0.993303348326	0.993303348326	0.994902548726	0.992803598201	0.994802598701	0.994002998501	0.995702148926	0.995302348826	0.994302848576	0.995702148926	0.994302848576	0.993703148426	0.992503748126	0.994002998501	0.993803098451	0.994502748626	0.994902548726	0.993903048476	0.995902048976	0.994802598701	0.993903048476	0.994102948526	0.995302348826	0.993903048476	0.99620189905	0.995502248876	0.995702148926	0.995102448776	0.995202398801	0.995502248876
alpha_rarefaction_10005_1.txt	10005	1	0.995202398801	0.994902548726	0.994202898551	0.993603198401	0.995302348826	0.993503248376	0.994702648676	0.994202898551	0.994302848576	0.994102948526	0.994602698651	0.994102948526	0.993103448276	0.993303348326	0.994902548726	0.995502248876	0.993903048476	0.993503248376	0.995102448776	0.993803098451	0.995102448776	0.995502248876	0.994602698651	0.993503248376	0.994802598701	0.995602198901	0.994902548726	0.993703148426	0.995702148926	0.995102448776	0.996001999	0.995102448776
alpha_rarefaction_10005_2.txt	10005	2	0.995102448776	0.994902548726	0.994002998501	0.993203398301	0.995202398801	0.994402798601	0.994102948526	0.994802598701	0.993603198401	0.993403298351	0.993703148426	0.993203398301	0.994802598701	0.993203398301	0.994902548726	0.994102948526	0.994102948526	0.993903048476	0.994502748626	0.994002998501	0.995502248876	0.994702648676	0.995102448776	0.994302848576	0.994502748626	0.993003498251	0.994802598701	0.994802598701	0.99700149925	0.994402798601	0.994702648676	0.995602198901
alpha_rarefaction_10005_3.txt	10005	3	0.993603198401	0.994502748626	0.993703148426	0.993003498251	0.995302348826	0.993103448276	0.994002998501	0.993403298351	0.994402798601	0.993903048476	0.994402798601	0.992803598201	0.994002998501	0.993803098451	0.994602698651	0.993603198401	0.995302348826	0.994602698651	0.994702648676	0.994902548726	0.994102948526	0.995202398801	0.994302848576	0.994002998501	0.994802598701	0.995102448776	0.995402298851	0.995102448776	0.9964017991	0.994202898551	0.994602698651	0.995402298851
alpha_rarefaction_10005_4.txt	10005	4	0.994302848576	0.994802598701	0.994602698651	0.993303348326	0.995102448776	0.994002998501	0.994202898551	0.994802598701	0.994502748626	0.993703148426	0.994202898551	0.993503248376	0.993203398301	0.994302848576	0.994302848576	0.995702148926	0.995302348826	0.994602698651	0.995502248876	0.995102448776	0.995902048976	0.995302348826	0.993903048476	0.994602698651	0.995602198901	0.993603198401	0.995102448776	0.994902548726	0.996101949025	0.994902548726	0.994402798601	0.995402298851
alpha_rarefaction_10005_5.txt	10005	5	0.993703148426	0.995302348826	0.994402798601	0.994502748626	0.994002998501	0.992803598201	0.993703148426	0.994802598701	0.994602698651	0.995702148926	0.993803098451	0.994602698651	0.994702648676	0.995002498751	0.995202398801	0.993403298351	0.994402798601	0.994102948526	0.994702648676	0.994102948526	0.995402298851	0.995302348826	0.994402798601	0.992703648176	0.994702648676	0.994802598701	0.995002498751	0.994402798601	0.99700149925	0.995202398801	0.994402798601	0.994902548726
alpha_rarefaction_10005_6.txt	10005	6	0.994402798601	0.994702648676	0.994202898551	0.993803098451	0.994002998501	0.994102948526	0.994402798601	0.995202398801	0.993903048476	0.993903048476	0.994802598701	0.993703148426	0.994902548726	0.994602698651	0.994502748626	0.993903048476	0.994402798601	0.993903048476	0.995002498751	0.994502748626	0.995502248876	0.995502248876	0.994902548726	0.993403298351	0.994602698651	0.994502748626	0.995002498751	0.995002498751	0.996701649175	0.994102948526	0.994902548726	0.995302348826
alpha_rarefaction_10005_7.txt	10005	7	0.994002998501	0.995102448776	0.994102948526	0.993003498251	0.995402298851	0.994402798601	0.994002998501	0.994802598701	0.993503248376	0.993503248376	0.994602698651	0.992903548226	0.994302848576	0.994502748626	0.993603198401	0.992903548226	0.995102448776	0.995102448776	0.995502248876	0.994902548726	0.995702148926	0.994002998501	0.996001999	0.994002998501	0.995002498751	0.993903048476	0.995002498751	0.994102948526	0.996701649175	0.994202898551	0.994702648676	0.994402798601
alpha_rarefaction_10005_8.txt	10005	8	0.993403298351	0.994502748626	0.994502748626	0.992503748126	0.995102448776	0.992703648176	0.992303848076	0.993003498251	0.994102948526	0.993703148426	0.994002998501	0.993703148426	0.993403298351	0.994102948526	0.994102948526	0.993903048476	0.995702148926	0.994002998501	0.994802598701	0.994602698651	0.995902048976	0.995402298851	0.993803098451	0.994902548726	0.995202398801	0.994302848576	0.995502248876	0.995902048976	0.9964017991	0.993903048476	0.994202898551	0.994802598701
alpha_rarefaction_10005_9.txt	10005	9	0.994102948526	0.995002498751	0.994302848576	0.993903048476	0.995602198901	0.994002998501	0.994402798601	0.994902548726	0.995002498751	0.996101949025	0.994802598701	0.993703148426	0.994602698651	0.994702648676	0.994402798601	0.994702648676	0.993903048476	0.994002998501	0.995102448776	0.993503248376	0.994802598701	0.994302848576	0.995202398801	0.993303348326	0.995502248876	0.994602698651	0.995602198901	0.994502748626	0.996701649175	0.995102448776	0.995102448776	0.995002498751
alpha_rarefaction_12004_0.txt	12004	0	0.996001332889	0.996001332889	0.996334555148	0.995334888371	0.996834388537	0.994335221593	0.995084971676	0.995584805065	0.99566811063	0.99566811063	0.995251582806	0.995834721759	0.994585138287	0.9955014995	0.995168277241	0.995084971676	0.994918360546	0.994335221593	0.99566811063	0.995418193935	0.996667777408	0.996251249583	0.996167944019	0.994918360546	0.996667777408	0.995584805065	0.994918360546	0.995251582806	0.997000999667	0.996084638454	0.996501166278	0.996251249583
alpha_rarefaction_12004_1.txt	12004	1	0.995834721759	0.996001332889	0.995084971676	0.994168610463	0.996084638454	0.994835054982	0.995084971676	0.9955014995	0.996334555148	0.994918360546	0.994835054982	0.994585138287	0.996001332889	0.994668443852	0.994918360546	0.995751416195	0.995751416195	0.995251582806	0.996001332889	0.996334555148	0.996584471843	0.996001332889	0.996251249583	0.994835054982	0.995834721759	0.995418193935	0.996001332889	0.995918027324	0.996917694102	0.996667777408	0.996334555148	0.994585138287
alpha_rarefaction_12004_2.txt	12004	2	0.995751416195	0.994918360546	0.995084971676	0.994418527158	0.996667777408	0.994668443852	0.994918360546	0.996001332889	0.996001332889	0.996251249583	0.995751416195	0.995168277241	0.995584805065	0.995334888371	0.995584805065	0.994585138287	0.995834721759	0.995084971676	0.996751082972	0.996167944019	0.996501166278	0.9955014995	0.994918360546	0.995584805065	0.995751416195	0.995834721759	0.995418193935	0.995001666111	0.997334221926	0.995001666111	0.994918360546	0.995168277241
alpha_rarefaction_12004_3.txt	12004	3	0.99566811063	0.995334888371	0.995334888371	0.993918693769	0.995168277241	0.994501832722	0.995084971676	0.994418527158	0.996001332889	0.994585138287	0.995251582806	0.995918027324	0.995168277241	0.994751749417	0.995168277241	0.994918360546	0.99566811063	0.994501832722	0.996167944019	0.996001332889	0.996334555148	0.995834721759	0.996084638454	0.995334888371	0.996001332889	0.995168277241	0.996167944019	0.994751749417	0.997250916361	0.996667777408	0.995918027324	0.995418193935
alpha_rarefaction_12004_4.txt	12004	4	0.995834721759	0.996417860713	0.994835054982	0.995001666111	0.996167944019	0.994418527158	0.995918027324	0.9955014995	0.995751416195	0.995084971676	0.995584805065	0.994668443852	0.995418193935	0.995834721759	0.994251916028	0.995084971676	0.995251582806	0.995834721759	0.996001332889	0.995418193935	0.997084305232	0.996334555148	0.996167944019	0.995084971676	0.996084638454	0.995834721759	0.996334555148	0.995751416195	0.997167610796	0.995251582806	0.995334888371	0.996001332889
alpha_rarefaction_12004_5.txt	12004	5	0.996001332889	0.995834721759	0.995334888371	0.995334888371	0.996251249583	0.994335221593	0.995251582806	0.995584805065	0.995334888371	0.995001666111	0.995251582806	0.995834721759	0.995251582806	0.9955014995	0.994251916028	0.995084971676	0.996001332889	0.995334888371	0.9955014995	0.995918027324	0.996167944019	0.995918027324	0.996084638454	0.995168277241	0.996167944019	0.995001666111	0.996667777408	0.995584805065	0.99775074975	0.99566811063	0.996084638454	0.995001666111
alpha_rarefaction_12004_6.txt	12004	6	0.996001332889	0.995251582806	0.995251582806	0.995168277241	0.996001332889	0.994918360546	0.9955014995	0.994585138287	0.995168277241	0.994751749417	0.996001332889	0.993668777074	0.995001666111	0.99566811063	0.994501832722	0.995834721759	0.996584471843	0.994751749417	0.996417860713	0.995418193935	0.996417860713	0.996084638454	0.996501166278	0.995084971676	0.99566811063	0.995251582806	0.995834721759	0.995001666111	0.997334221926	0.995251582806	0.995751416195	0.995751416195
alpha_rarefaction_12004_7.txt	12004	7	0.99566811063	0.995334888371	0.994751749417	0.994751749417	0.996167944019	0.994585138287	0.995418193935	0.994751749417	0.996084638454	0.995751416195	0.995751416195	0.994835054982	0.995251582806	0.995418193935	0.99566811063	0.995168277241	0.996334555148	0.996084638454	0.996167944019	0.996084638454	0.996334555148	0.99566811063	0.996751082972	0.994668443852	0.9955014995	0.995584805065	0.996251249583	0.995418193935	0.997250916361	0.995751416195	0.995334888371	0.995918027324
alpha_rarefaction_12004_8.txt	12004	8	0.995168277241	0.996334555148	0.996167944019	0.994668443852	0.996584471843	0.9955014995	0.994585138287	0.99566811063	0.995251582806	0.994418527158	0.9955014995	0.994585138287	0.995418193935	0.995834721759	0.995001666111	0.994835054982	0.995334888371	0.995001666111	0.996084638454	0.996251249583	0.996667777408	0.995751416195	0.995834721759	0.995418193935	0.996417860713	0.995418193935	0.996167944019	0.994835054982	0.997417527491	0.99566811063	0.995418193935	0.995418193935
alpha_rarefaction_12004_9.txt	12004	9	0.995584805065	0.995418193935	0.994418527158	0.995834721759	0.996834388537	0.994751749417	0.995084971676	0.995334888371	0.996001332889	0.995751416195	0.996501166278	0.995418193935	0.996334555148	0.995751416195	0.995418193935	0.996584471843	0.995251582806	0.994751749417	0.996584471843	0.995751416195	0.996917694102	0.996001332889	0.995918027324	0.994751749417	0.996751082972	0.9955014995	0.996917694102	0.995418193935	0.996584471843	0.996501166278	0.995751416195	0.99566811063
alpha_rarefaction_14003_0.txt	14003	0	0.995429550811	0.997143469257	0.995929443691	0.996072270228	0.997143469257	0.996072270228	0.996572163108	0.995858030422	0.996643576376	0.996215096765	0.996000856959	0.996429336571	0.996215096765	0.995643790616	0.996643576376	0.995500964079	0.996072270228	0.995500964079	0.997286295794	0.996357923302	0.997000642719	0.997214882525	0.996786402914	0.995500964079	0.996786402914	0.997214882525	0.996429336571	0.996500749839	0.998785974434	0.996357923302	0.996714989645	0.995786617153
alpha_rarefaction_14003_1.txt	14003	1	0.996429336571	0.996357923302	0.995286724273	0.995572377348	0.996929229451	0.995786617153	0.996786402914	0.996429336571	0.995786617153	0.996286510034	0.996572163108	0.995715203885	0.995786617153	0.995858030422	0.995429550811	0.996072270228	0.996572163108	0.996429336571	0.997143469257	0.996572163108	0.998143255017	0.996714989645	0.996857816182	0.995858030422	0.997072055988	0.995929443691	0.997000642719	0.995929443691	0.997643362137	0.996500749839	0.996215096765	0.996072270228
alpha_rarefaction_14003_2.txt	14003	2	0.996572163108	0.996286510034	0.995072484468	0.995215311005	0.997143469257	0.995858030422	0.996357923302	0.996000856959	0.995786617153	0.996357923302	0.995572377348	0.995143897736	0.995715203885	0.996643576376	0.996500749839	0.996000856959	0.996857816182	0.996357923302	0.997072055988	0.996143683496	0.997000642719	0.997000642719	0.996786402914	0.996215096765	0.997857601942	0.995286724273	0.997786188674	0.995643790616	0.997786188674	0.996000856959	0.997286295794	0.996857816182
alpha_rarefaction_14003_3.txt	14003	3	0.996786402914	0.996572163108	0.996072270228	0.995072484468	0.997214882525	0.996143683496	0.996500749839	0.995572377348	0.996500749839	0.996000856959	0.996857816182	0.995572377348	0.995715203885	0.995286724273	0.996000856959	0.996215096765	0.996857816182	0.995715203885	0.997214882525	0.996215096765	0.997357709062	0.995715203885	0.996357923302	0.995072484468	0.996357923302	0.995786617153	0.996929229451	0.995286724273	0.998214668285	0.996000856959	0.995929443691	0.996572163108
alpha_rarefaction_14003_4.txt	14003	4	0.996429336571	0.996714989645	0.996643576376	0.995715203885	0.997357709062	0.995786617153	0.996072270228	0.995786617153	0.995786617153	0.996286510034	0.996143683496	0.995215311005	0.996072270228	0.995643790616	0.996143683496	0.995143897736	0.996929229451	0.995643790616	0.996786402914	0.996500749839	0.997571948868	0.996357923302	0.996857816182	0.996357923302	0.996929229451	0.995572377348	0.997143469257	0.995500964079	0.998286081554	0.996572163108	0.997214882525	0.996714989645
alpha_rarefaction_14003_5.txt	14003	5	0.996357923302	0.997000642719	0.996000856959	0.995500964079	0.997072055988	0.995858030422	0.996643576376	0.996072270228	0.995572377348	0.996286510034	0.996215096765	0.995715203885	0.996072270228	0.995858030422	0.995215311005	0.996072270228	0.996286510034	0.995358137542	0.997000642719	0.996572163108	0.997357709062	0.996857816182	0.996714989645	0.995715203885	0.997214882525	0.996714989645	0.997286295794	0.995858030422	0.99800042848	0.996072270228	0.996643576376	0.996929229451
alpha_rarefaction_14003_6.txt	14003	6	0.995929443691	0.996500749839	0.995858030422	0.996143683496	0.996714989645	0.995429550811	0.996215096765	0.995929443691	0.997000642719	0.996286510034	0.995643790616	0.996357923302	0.996215096765	0.996572163108	0.995643790616	0.996143683496	0.996500749839	0.995786617153	0.996857816182	0.996786402914	0.998071841748	0.9975005356	0.997286295794	0.995786617153	0.996572163108	0.996143683496	0.996929229451	0.996286510034	0.998071841748	0.996286510034	0.996215096765	0.996286510034
alpha_rarefaction_14003_7.txt	14003	7	0.996429336571	0.996714989645	0.996000856959	0.996072270228	0.997714775405	0.995572377348	0.995429550811	0.995786617153	0.996286510034	0.995929443691	0.996000856959	0.996000856959	0.996215096765	0.996215096765	0.995786617153	0.996643576376	0.996357923302	0.996286510034	0.996643576376	0.996857816182	0.997357709062	0.996572163108	0.996714989645	0.995572377348	0.996929229451	0.996357923302	0.996643576376	0.996357923302	0.998286081554	0.996429336571	0.996357923302	0.996572163108
alpha_rarefaction_14003_8.txt	14003	8	0.996429336571	0.996786402914	0.996714989645	0.995429550811	0.997214882525	0.996286510034	0.996143683496	0.995500964079	0.996143683496	0.996429336571	0.996786402914	0.995929443691	0.996143683496	0.996072270228	0.995929443691	0.995429550811	0.995858030422	0.995715203885	0.996714989645	0.996357923302	0.996857816182	0.996572163108	0.996929229451	0.996643576376	0.997072055988	0.996714989645	0.996500749839	0.996643576376	0.998357494823	0.996357923302	0.996500749839	0.995858030422
alpha_rarefaction_14003_9.txt	14003	9	0.996500749839	0.997072055988	0.996072270228	0.996357923302	0.996857816182	0.995643790616	0.996572163108	0.996429336571	0.996500749839	0.996143683496	0.996072270228	0.995643790616	0.996357923302	0.996072270228	0.995643790616	0.995929443691	0.997571948868	0.995643790616	0.996857816182	0.996572163108	0.997357709062	0.997214882525	0.996929229451	0.995786617153	0.997214882525	0.996143683496	0.996357923302	0.997000642719	0.998357494823	0.995786617153	0.996072270228	0.995858030422
alpha_rarefaction_16002_0.txt	16002	0	0.996812898388	0.997000374953	0.996687914011	0.996375453068	0.998062742157	0.995938007749	0.997250343707	0.99712535933	0.996875390576	0.99631296088	0.996750406199	0.996625421822	0.997312835896	0.997062867142	0.997187851519	0.996875390576	0.996937882765	0.996812898388	0.99712535933	0.996812898388	0.997375328084	0.996375453068	0.997000374953	0.997062867142	0.997375328084	0.996562929634	0.99793775778	0.996500437445	0.999000124984	0.996625421822	0.996687914011	0.996437945257
alpha_rarefaction_16002_1.txt	16002	1	0.996625421822	0.997312835896	0.996937882765	0.995813023372	0.996687914011	0.995938007749	0.996062992126	0.996625421822	0.996562929634	0.996125484314	0.99631296088	0.996000499938	0.997000374953	0.996812898388	0.996125484314	0.996937882765	0.996937882765	0.996250468691	0.997437820272	0.996937882765	0.99793775778	0.997062867142	0.997187851519	0.996375453068	0.997062867142	0.996687914011	0.997437820272	0.996625421822	0.998625171854	0.996812898388	0.997500312461	0.997625296838
alpha_rarefaction_16002_2.txt	16002	2	0.997000374953	0.997562804649	0.99631296088	0.996625421822	0.997812773403	0.996062992126	0.996625421822	0.996750406199	0.997375328084	0.996875390576	0.996375453068	0.996375453068	0.996812898388	0.996937882765	0.996812898388	0.996437945257	0.997000374953	0.996625421822	0.997875265592	0.99712535933	0.998062742157	0.997187851519	0.997375328084	0.996437945257	0.997250343707	0.996875390576	0.997687789026	0.997000374953	0.998875140607	0.996750406199	0.996937882765	0.99712535933
alpha_rarefaction_16002_3.txt	16002	3	0.996937882765	0.997312835896	0.996562929634	0.996750406199	0.997000374953	0.996625421822	0.996000499938	0.997062867142	0.997000374953	0.996250468691	0.996500437445	0.996500437445	0.996875390576	0.996187976503	0.996062992126	0.997187851519	0.996437945257	0.99631296088	0.997500312461	0.997250343707	0.997875265592	0.997312835896	0.99712535933	0.996937882765	0.997625296838	0.996625421822	0.997687789026	0.996437945257	0.998687664042	0.997062867142	0.997187851519	0.99631296088
alpha_rarefaction_16002_4.txt	16002	4	0.996750406199	0.997687789026	0.996000499938	0.997062867142	0.997250343707	0.99631296088	0.996812898388	0.996187976503	0.997437820272	0.996875390576	0.995938007749	0.996437945257	0.996625421822	0.997437820272	0.996062992126	0.99631296088	0.997000374953	0.996562929634	0.997625296838	0.996812898388	0.997875265592	0.996875390576	0.997562804649	0.996750406199	0.997437820272	0.996625421822	0.997250343707	0.996187976503	0.99875015623	0.997625296838	0.996687914011	0.997000374953
alpha_rarefaction_16002_5.txt	16002	5	0.996375453068	0.997000374953	0.997187851519	0.996250468691	0.997500312461	0.996250468691	0.996687914011	0.995875515561	0.996812898388	0.996500437445	0.996187976503	0.995438070241	0.996625421822	0.996500437445	0.996687914011	0.996875390576	0.99712535933	0.996250468691	0.997875265592	0.996687914011	0.998062742157	0.997687789026	0.997375328084	0.997062867142	0.998062742157	0.996187976503	0.996500437445	0.996500437445	0.998500187477	0.996250468691	0.997250343707	0.996687914011
alpha_rarefaction_16002_6.txt	16002	6	0.996875390576	0.997375328084	0.996750406199	0.996125484314	0.997312835896	0.996062992126	0.996750406199	0.997000374953	0.996812898388	0.996625421822	0.996812898388	0.996125484314	0.996500437445	0.997312835896	0.99631296088	0.997312835896	0.997500312461	0.996687914011	0.997500312461	0.997500312461	0.997875265592	0.996875390576	0.997375328084	0.995813023372	0.997500312461	0.997375328084	0.997625296838	0.996250468691	0.999000124984	0.997375328084	0.996875390576	0.995688038995
alpha_rarefaction_16002_7.txt	16002	7	0.996437945257	0.997250343707	0.996562929634	0.99631296088	0.99712535933	0.996000499938	0.997000374953	0.997312835896	0.997437820272	0.997375328084	0.996937882765	0.996687914011	0.996562929634	0.996812898388	0.996937882765	0.996750406199	0.997500312461	0.996375453068	0.997750281215	0.996812898388	0.998000249969	0.997437820272	0.996937882765	0.996250468691	0.997250343707	0.996750406199	0.997625296838	0.996687914011	0.998500187477	0.997312835896	0.996062992126	0.996562929634
alpha_rarefaction_16002_8.txt	16002	8	0.996625421822	0.997500312461	0.997312835896	0.995688038995	0.997562804649	0.996500437445	0.997625296838	0.996375453068	0.997250343707	0.996562929634	0.996875390576	0.996000499938	0.996687914011	0.996875390576	0.996812898388	0.996250468691	0.996812898388	0.996875390576	0.997375328084	0.996750406199	0.998250218723	0.997187851519	0.996687914011	0.996187976503	0.997562804649	0.996875390576	0.996500437445	0.996625421822	0.998625171854	0.997062867142	0.99712535933	0.997687789026
alpha_rarefaction_16002_9.txt	16002	9	0.996125484314	0.997312835896	0.996812898388	0.996125484314	0.997500312461	0.996125484314	0.996937882765	0.996812898388	0.996937882765	0.997062867142	0.996562929634	0.996500437445	0.996562929634	0.996687914011	0.99631296088	0.997812773403	0.997000374953	0.99631296088	0.998062742157	0.996812898388	0.998437695288	0.997312835896	0.997562804649	0.995813023372	0.997250343707	0.996437945257	0.99712535933	0.996437945257	0.998562679665	0.997250343707	0.996562929634	0.997062867142
alpha_rarefaction_18001_0.txt	18001	0	0.997222376535	0.997889006166	0.997277929004	0.996333537026	0.998222320982	0.997055719127	0.996944614188	0.996722404311	0.997333481473	0.997277929004	0.997111271596	0.996833509249	0.99677795678	0.997444586412	0.996389089495	0.99755569135	0.997222376535	0.997111271596	0.99761124382	0.997444586412	0.998555635798	0.997889006166	0.998000111105	0.99755569135	0.998277873451	0.997833453697	0.997889006166	0.996722404311	0.998888950614	0.997111271596	0.997444586412	0.997222376535
alpha_rarefaction_18001_1.txt	18001	1	0.996666851842	0.997666796289	0.996833509249	0.996611299372	0.997444586412	0.996611299372	0.997166824065	0.997222376535	0.997333481473	0.997500138881	0.996500194434	0.99677795678	0.997111271596	0.997111271596	0.997222376535	0.997777901228	0.997444586412	0.997055719127	0.998277873451	0.997722348758	0.998500083329	0.997666796289	0.997889006166	0.997500138881	0.997666796289	0.996722404311	0.997889006166	0.997111271596	0.999055608022	0.997333481473	0.997889006166	0.997889006166
alpha_rarefaction_18001_2.txt	18001	2	0.997389033943	0.997722348758	0.997000166657	0.997277929004	0.997889006166	0.997222376535	0.997055719127	0.997111271596	0.997111271596	0.996944614188	0.996555746903	0.997333481473	0.997222376535	0.998055663574	0.996889061719	0.997222376535	0.997277929004	0.997166824065	0.997500138881	0.997444586412	0.999000055552	0.997722348758	0.997944558636	0.997277929004	0.998333425921	0.996722404311	0.998166768513	0.99677795678	0.998944503083	0.997389033943	0.99761124382	0.997444586412
alpha_rarefaction_18001_3.txt	18001	3	0.996889061719	0.998222320982	0.997000166657	0.996722404311	0.997833453697	0.996500194434	0.997889006166	0.997166824065	0.997222376535	0.996889061719	0.996666851842	0.996944614188	0.996833509249	0.997666796289	0.99677795678	0.997333481473	0.99755569135	0.996889061719	0.998333425921	0.99761124382	0.998500083329	0.997777901228	0.998111216044	0.997055719127	0.998500083329	0.997444586412	0.997777901228	0.996555746903	0.998722293206	0.997722348758	0.997944558636	0.997111271596
alpha_rarefaction_18001_4.txt	18001	4	0.997389033943	0.997055719127	0.997055719127	0.996555746903	0.997777901228	0.996944614188	0.997333481473	0.997500138881	0.99755569135	0.996889061719	0.996389089495	0.997111271596	0.997055719127	0.99761124382	0.997111271596	0.997444586412	0.997111271596	0.996277984556	0.997722348758	0.998000111105	0.998222320982	0.998000111105	0.997944558636	0.996444641964	0.998000111105	0.996666851842	0.997777901228	0.996666851842	0.998777845675	0.997055719127	0.997722348758	0.997500138881
alpha_rarefaction_18001_5.txt	18001	5	0.997222376535	0.997277929004	0.997000166657	0.997055719127	0.997500138881	0.997333481473	0.996944614188	0.996889061719	0.99755569135	0.99677795678	0.995944669741	0.996889061719	0.997500138881	0.997000166657	0.996611299372	0.997277929004	0.997444586412	0.996833509249	0.997500138881	0.997722348758	0.998444530859	0.997944558636	0.997777901228	0.997000166657	0.997889006166	0.997222376535	0.997166824065	0.997666796289	0.999055608022	0.996889061719	0.997500138881	0.99677795678
alpha_rarefaction_18001_6.txt	18001	6	0.997333481473	0.997833453697	0.996555746903	0.996944614188	0.997944558636	0.996555746903	0.997389033943	0.996833509249	0.997222376535	0.996889061719	0.996833509249	0.996833509249	0.997000166657	0.997389033943	0.997277929004	0.997444586412	0.997500138881	0.99755569135	0.99761124382	0.997277929004	0.998777845675	0.997944558636	0.997500138881	0.997111271596	0.997833453697	0.996944614188	0.997444586412	0.997055719127	0.999055608022	0.99677795678	0.997000166657	0.997222376535
alpha_rarefaction_18001_7.txt	18001	7	0.997500138881	0.997722348758	0.997889006166	0.996833509249	0.99755569135	0.996333537026	0.997444586412	0.997389033943	0.997777901228	0.997944558636	0.997111271596	0.996833509249	0.997111271596	0.997111271596	0.99677795678	0.997111271596	0.997722348758	0.996833509249	0.99755569135	0.997444586412	0.998500083329	0.997722348758	0.99761124382	0.996500194434	0.998333425921	0.997000166657	0.997666796289	0.997000166657	0.998944503083	0.99677795678	0.997333481473	0.997722348758
alpha_rarefaction_18001_8.txt	18001	8	0.997333481473	0.997722348758	0.997222376535	0.996666851842	0.997944558636	0.996222432087	0.996889061719	0.997389033943	0.998055663574	0.997166824065	0.997389033943	0.996944614188	0.997333481473	0.997333481473	0.997111271596	0.997277929004	0.997444586412	0.997055719127	0.998111216044	0.997833453697	0.997889006166	0.997889006166	0.998111216044	0.996944614188	0.997666796289	0.997166824065	0.998055663574	0.996666851842	0.998833398145	0.997166824065	0.996944614188	0.997666796289
alpha_rarefaction_18001_9.txt	18001	9	0.997722348758	0.996944614188	0.997444586412	0.996500194434	0.998166768513	0.996889061719	0.997333481473	0.996555746903	0.99755569135	0.996722404311	0.997000166657	0.99677795678	0.997722348758	0.996889061719	0.997166824065	0.997277929004	0.997222376535	0.996889061719	0.998000111105	0.997666796289	0.998111216044	0.99755569135	0.997777901228	0.996666851842	0.997889006166	0.997055719127	0.997666796289	0.997000166657	0.999055608022	0.996333537026	0.997666796289	0.997166824065
alpha_rarefaction_20000_0.txt	20000	0	0.99765	0.9976	0.9975	0.9975	0.998	0.9974	0.997	0.99785	0.9972	0.9972	0.9979	0.99725	0.99715	0.99815	0.99765	0.99785	0.99795	0.9969	0.99815	0.99805	0.9989	0.9983	0.9984	0.9974	0.99835	0.9979	0.99795	0.99725	0.9993	0.99775	0.99765	0.9974
alpha_rarefaction_20000_1.txt	20000	1	0.9979	0.9974	0.99775	0.99755	0.9982	0.99705	0.9977	0.99735	0.99845	0.9975	0.9974	0.99755	0.99785	0.997	0.99745	0.99725	0.9979	0.99765	0.99835	0.9978	0.9989	0.99835	0.99835	0.9972	0.9985	0.99785	0.9978	0.9976	0.9992	0.99745	0.99825	0.9974
alpha_rarefaction_20000_2.txt	20000	2	0.9976	0.9975	0.9975	0.99695	0.9984	0.997	0.9979	0.9973	0.99735	0.9979	0.99765	0.99695	0.9972	0.99765	0.99715	0.9981	0.9976	0.99725	0.9986	0.9975	0.99875	0.99825	0.99775	0.99755	0.9985	0.99755	0.99835	0.9975	0.9993	0.99755	0.99805	0.9976
alpha_rarefaction_20000_3.txt	20000	3	0.99765	0.9979	0.99785	0.99675	0.99825	0.99685	0.99775	0.9972	0.99815	0.9975	0.99735	0.9982	0.99765	0.9974	0.9977	0.997	0.9976	0.99795	0.99855	0.99785	0.99855	0.9982	0.99835	0.9972	0.9985	0.99775	0.9976	0.997	0.99925	0.9974	0.99785	0.99785
alpha_rarefaction_20000_4.txt	20000	4	0.9977	0.99855	0.9975	0.9968	0.99815	0.9973	0.99755	0.9976	0.9979	0.99825	0.99755	0.99735	0.9975	0.99745	0.99735	0.997	0.9981	0.99755	0.9982	0.9977	0.99865	0.99775	0.99805	0.9977	0.99845	0.9973	0.99835	0.99735	0.9993	0.99745	0.9983	0.99775
alpha_rarefaction_20000_5.txt	20000	5	0.9974	0.99825	0.99805	0.9972	0.99845	0.9976	0.99805	0.9974	0.99745	0.9976	0.9973	0.99755	0.99755	0.9983	0.99715	0.99705	0.99795	0.9974	0.9982	0.9973	0.9987	0.99795	0.99815	0.9972	0.99865	0.99745	0.998	0.9977	0.9993	0.9972	0.9975	0.9974
alpha_rarefaction_20000_6.txt	20000	6	0.99775	0.99755	0.99715	0.997	0.9986	0.9976	0.9972	0.9973	0.9983	0.99745	0.9967	0.9971	0.99775	0.9974	0.99735	0.99745	0.99765	0.9968	0.99835	0.9978	0.99855	0.99785	0.99815	0.99745	0.9985	0.99735	0.99795	0.99705	0.9992	0.99695	0.9981	0.99785
alpha_rarefaction_20000_7.txt	20000	7	0.9976	0.99755	0.99745	0.9966	0.99825	0.99765	0.9976	0.99695	0.9976	0.9979	0.9972	0.9976	0.99745	0.9969	0.9977	0.99675	0.9977	0.9972	0.9981	0.99765	0.99835	0.99795	0.9986	0.9975	0.9981	0.99745	0.99795	0.99765	0.9993	0.9975	0.99815	0.99745
alpha_rarefaction_20000_8.txt	20000	8	0.9979	0.99745	0.99735	0.99715	0.99805	0.9969	0.9974	0.9977	0.99735	0.99755	0.99755	0.99735	0.99745	0.9976	0.99715	0.99735	0.998	0.9977	0.998	0.99775	0.9986	0.99825	0.99785	0.99775	0.9983	0.9975	0.99785	0.997	0.9992	0.9975	0.9978	0.99765
alpha_rarefaction_20000_9.txt	20000	9	0.9981	0.9979	0.9974	0.9969	0.9982	0.9972	0.9977	0.99755	0.9979	0.9979	0.99735	0.99735	0.9973	0.9977	0.9973	0.9971	0.9979	0.99755	0.99815	0.998	0.9986	0.99775	0.99775	0.9972	0.99825	0.9966	0.99835	0.997	0.99905	0.99735	0.99795	0.9975