	sequences per sample	iteration	A1	A2	B1	B2	C1	C2	D1	D2	E1	E2	F1	F2	G1	G2	H1	H2	s1r1	s1	s2r1	s2	s3r1	s3	s4r1	s4	s5r1	s5	s6r1	s6	s7r1	s7	s8r1	s8
alpha_rarefaction_10_0.txt	10	0	2.60547	1.70409	2.447	1.68665	2.14297	2.26825	1.91676	1.60955	1.32688	2.75028	2.49942	2.87463	2.24867	1.81926	1.90773	2.00965	2.26603	1.90508	1.90628	2.02254	1.77042	1.86859	2.2381	2.0382	1.96487	2.11255	1.92264	1.95108	1.79552	2.11127	2.46322	2.61724
alpha_rarefaction_10_1.txt	10	1	2.40201	2.3574	2.28022	2.64837	2.80731	1.64998	2.05274	1.883	1.74646	1.80802	2.31113	2.15728	1.92493	2.3649	1.93839	2.11252	2.64526	1.98465	1.94567	2.22214	2.16463	2.66298	2.15008	1.82914	1.81268	1.84406	2.10892	2.19119	1.97848	1.96673	1.62701	2.5963
alpha_rarefaction_10_2.txt	10	2	1.12651	1.93245	1.86907	1.94612	1.26646	1.8778	2.15004	1.89234	1.75075	2.09916	2.07235	2.234	2.18445	2.08158	2.7026	2.6899	2.2779	1.56294	2.16223	2.17473	1.51077	2.5486	1.89417	1.50433	2.28321	1.54978	1.91368	2.28531	1.74006	1.49712	1.90342	1.89284
alpha_rarefaction_10_3.txt	10	3	1.998	1.54486	1.58752	1.42317	1.94247	1.73013	2.01615	2.35893	1.6784	1.76536	2.161	2.49519	1.81807	2.00887	2.33217	1.59127	2.25326	1.96717	2.54794	2.38578	1.71574	2.25587	1.76742	2.23595	2.33336	1.7697	2.45019	2.1319	1.90356	1.58139	1.88948	2.53351
alpha_rarefaction_10_4.txt	10	4	1.73772	1.47831	1.92821	1.90302	2.56485	1.57652	2.62809	2.69	1.84581	2.14758	2.07501	2.23871	1.92978	1.78262	2.74419	2.41417	2.67828	1.78661	2.21883	1.81935	1.35809	2.13526	2.18719	1.70128	1.74271	1.68248	1.79313	2.06982	1.251	2.12045	2.14117	2.03545
alpha_rarefaction_10_5.txt	10	5	1.33229	2.35765	2.23498	1.64482	2.20935	2.68921	2.084	1.94859	1.88419	1.96645	2.22484	1.60418	1.4666	2.47604	2.27727	1.70108	2.41435	1.288	2.13611	2.14186	1.79132	2.69981	1.61969	1.67268	2.25892	2.19399	2.10739	2.53296	1.84333	1.54591	1.682	2.16858
alpha_rarefaction_10_6.txt	10	6	1.76897	1.52144	1.58197	2.02435	2.18788	2.14421	2.0681	2.15752	2.30055	1.96382	2.2613	1.92287	2.27474	2.18127	2.24984	1.70181	2.38878	2.25667	2.16341	2.41459	1.71884	2.66214	2.26039	1.99613	1.58051	1.83183	1.69244	2.05525	1.98523	1.81252	1.83032	1.84543
alpha_rarefaction_10_7.txt	10	7	1.62893	1.87447	2.34859	2.62916	2.18839	1.30216	1.94187	1.59004	1.82867	2.28241	2.58156	2.0392	2.32327	1.7128	1.59565	2.54804	2.27924	1.95665	1.98381	2.23196	2.35546	1.7215	2.59122	1.78661	1.24645	1.98994	1.73982	2.3934	2.16176	1.4549	1.39905	2.84412
alpha_rarefaction_10_8.txt	10	8	1.47409	2.05411	1.66368	1.67739	2.0244	2.58233	2.384	1.93927	1.69027	2.02281	2.26487	2.4579	1.84961	2.95043	2.372	1.81822	2.43995	1.855	1.95092	2.20613	2.2658	1.547	2.35786	1.7988	1.82185	2.43764	2.22118	2.77027	2.58004	1.43195	2.38934	2.3249
alpha_rarefaction_10_9.txt	10	9	1.34238	2.11196	2.43018	1.8472	1.71996	1.54268	1.86463	2.16568	1.60516	1.69788	2.20054	2.51099	1.58913	2.07701	2.89871	2.40722	1.93899	1.39104	1.83183	1.50688	2.45582	1.96101	2.03096	1.65867	1.9398	2.76016	1.83763	2.13777	2.41993	1.47967	1.99635	2.47994
alpha_rarefaction_2009_0.txt	2009	0	13.18285	15.75974	15.75261	14.85005	15.90069	15.05969	16.10595	14.46228	15.50227	15.14736	14.53567	13.50082	14.75089	15.81321	13.92065	15.36627	13.96326	12.32831	14.2288	15.21735	15.75387	15.44007	15.51533	13.9195	15.78303	13.99377	14.00249	13.42708	14.90331	15.45716	14.15235	14.94362
alpha_rarefaction_2009_1.txt	2009	1	13.56163	14.49314	16.48534	14.83856	16.15555	14.06727	15.54806	14.90396	15.72191	14.86293	14.46736	13.57444	14.70727	15.1411	14.34195	15.17383	14.21302	12.34353	14.12526	15.41114	15.18185	16.1269	16.10278	14.30145	15.88439	14.82884	14.6708	13.59748	14.83266	14.92035	15.19682	14.75729
alpha_rarefaction_2009_2.txt	2009	2	12.92872	15.663	15.74593	14.61277	15.98175	13.59421	14.7329	14.76227	15.71509	14.63532	13.7721	14.24962	14.94846	16.20254	14.35312	14.84202	14.17867	11.94837	14.97644	16.01035	15.05959	15.62877	15.97861	14.2031	14.7713	13.84483	14.15382	13.7627	14.44296	14.73751	14.44705	14.50816
alpha_rarefaction_2009_3.txt	2009	3	12.68438	14.44207	15.15805	15.07767	17.573	13.9971	16.0915	15.20586	15.63379	15.2268	14.63322	13.44417	14.67301	15.6827	14.15633	15.10971	13.74267	12.15994	15.22615	15.73774	16.35556	15.96682	16.52634	13.56671	15.04024	15.09004	14.62894	13.74549	14.19364	15.82037	14.23604	14.59951
alpha_rarefaction_2009_4.txt	2009	4	13.46168	15.65957	15.38215	13.28293	15.80602	14.75412	14.87072	14.02021	16.41619	14.52283	14.26592	13.19881	13.98509	15.28113	14.56304	14.77405	14.22867	11.79308	14.92446	16.61904	16.01581	15.21246	15.49376	14.17529	14.69727	14.96284	14.9706	14.29004	14.92012	14.96907	14.26271	15.06791
alpha_rarefaction_2009_5.txt	2009	5	13.86408	15.43165	16.62852	14.17778	17.10178	13.75907	15.1906	14.67549	16.09997	14.95549	13.81508	14.31687	15.14324	16.34001	14.37877	14.66479	14.37458	11.66252	15.26738	15.94166	14.83813	15.89474	15.2014	13.6109	15.47617	14.5103	14.3574	13.69715	14.62257	15.465	14.82665	14.59343
alpha_rarefaction_2009_6.txt	2009	6	12.39828	15.88963	15.57815	15.24307	16.83816	15.48001	15.45421	15.41394	16.00929	14.27423	14.63314	13.46493	15.17359	14.18803	15.28878	14.78029	13.6665	12.32618	14.65996	15.61787	15.25028	15.03591	15.27068	13.41353	15.56232	15.48075	13.96114	13.54579	14.13135	15.73483	14.47543	14.59294
alpha_rarefaction_2009_7.txt	2009	7	12.73193	15.06457	15.26611	14.63425	17.40224	14.14895	15.70047	14.01401	15.88902	14.55319	14.25855	13.15071	15.50264	15.57986	14.96802	15.39786	14.00865	12.24387	16.12926	15.47747	15.56721	15.03357	15.604	13.76705	14.77066	14.37048	14.65339	13.46337	14.73767	15.50218	15.14169	13.98693
alpha_rarefaction_2009_8.txt	2009	8	13.26557	15.18801	16.7395	14.86269	16.50147	15.53998	15.46811	14.99515	15.81204	15.08224	14.42406	12.94164	15.06751	16.27025	14.35782	15.23842	13.90425	12.40954	14.83318	16.05287	15.06654	15.90303	15.18841	14.32337	14.16056	14.06615	14.35349	13.06793	14.61115	15.23029	14.82086	14.49249
alpha_rarefaction_2009_9.txt	2009	9	12.95773	15.54366	16.34548	14.62915	16.1866	13.44208	15.59864	15.20587	16.00059	14.97851	14.71444	14.08344	15.39533	15.56297	14.89768	14.92621	13.63105	11.85408	14.83402	15.81035	14.8861	16.12295	15.76809	13.94159	14.99443	14.1337	15.44362	13.79487	14.94728	16.32367	14.67162	14.49528
alpha_rarefaction_4008_0.txt	4008	0	14.87636	17.34911	17.69795	17.46345	18.67341	16.25431	17.90155	17.19147	17.45119	17.49327	16.2345	16.54146	16.66459	17.60471	16.90749	17.57759	16.86669	13.66808	17.5841	18.20799	17.16141	17.27578	18.03534	16.12192	17.28864	16.79317	16.94684	16.86378	16.98296	17.57949	16.18618	15.59303
alpha_rarefaction_4008_1.txt	4008	1	15.52095	17.81928	18.26958	16.70202	18.42186	17.05512	18.0255	17.21295	18.4221	17.74968	16.4029	16.18503	16.72157	17.87338	16.96287	16.47141	16.17362	14.83318	17.01795	17.9564	16.7987	17.6775	18.0897	15.65492	17.26577	16.37098	15.70789	16.22376	16.64971	17.30724	16.45193	15.68891
alpha_rarefaction_4008_2.txt	4008	2	14.96544	17.50589	17.12722	17.39736	19.13352	16.68204	17.3166	16.19428	17.5867	17.59871	16.36469	16.62507	17.28788	18.05065	16.83917	16.84757	16.06028	13.57198	17.15196	17.94698	17.63509	18.12935	17.80486	16.42679	16.9663	16.68648	16.35514	15.62572	16.37607	17.25142	15.86632	16.514
alpha_rarefaction_4008_3.txt	4008	3	15.29218	17.53471	17.4924	16.80196	18.64098	16.40026	17.74927	16.54671	17.83581	16.72442	17.30326	16.38059	17.14527	17.49845	16.85789	16.64783	15.73525	13.12784	17.02248	18.22555	17.09985	17.67421	17.25879	15.83775	16.88923	16.02488	16.76032	15.48809	16.81984	17.30818	16.32337	16.29587
alpha_rarefaction_4008_4.txt	4008	4	15.31704	18.10909	18.21319	16.83507	18.9515	16.30029	18.10436	16.46688	17.49272	17.32417	16.78678	15.73404	17.39509	17.83129	16.32507	17.70048	16.20832	13.51452	18.18722	18.11539	16.70351	17.15548	18.10911	16.25057	16.94398	16.97218	16.47932	15.13035	16.00325	17.14498	15.51453	16.21001
alpha_rarefaction_4008_5.txt	4008	5	15.17423	17.34911	17.52231	16.8849	17.86062	16.4086	18.18109	16.37877	18.04721	17.22331	16.76413	16.79468	17.73009	18.41208	17.05131	17.3921	16.8063	13.8715	16.45425	18.02028	17.66396	18.02249	17.93213	15.25062	16.75587	16.43916	16.65622	16.16635	16.50952	17.82056	16.02507	15.76262
alpha_rarefaction_4008_6.txt	4008	6	15.25	16.96257	18.17025	16.02701	18.57872	16.87147	18.40032	16.57817	18.76958	17.37425	16.29675	15.96509	16.92227	18.41489	16.35545	16.21027	15.16757	14.16728	17.01118	18.53143	17.50125	17.46309	17.69941	15.71713	17.2648	16.6781	16.49752	15.76841	16.47952	17.22839	16.05214	15.6217
alpha_rarefaction_4008_7.txt	4008	7	14.79982	17.674	17.8199	16.57536	18.20394	17.36296	16.97087	17.23103	17.32631	16.94084	16.40219	16.38463	16.99241	17.68922	16.65276	16.84409	16.1442	13.2099	17.67928	18.50361	16.65806	16.78095	18.19619	16.45778	17.46152	16.60922	16.57821	14.63128	16.36156	17.02805	16.36777	16.09509
alpha_rarefaction_4008_8.txt	4008	8	14.9979	17.95645	17.99097	16.9886	18.92712	16.59165	17.29545	16.74383	17.87958	17.03716	16.76922	16.34763	17.11135	17.41236	16.78667	16.77076	16.82998	13.9323	17.68037	18.20363	16.95624	16.96487	18.18329	15.60363	17.69821	15.8673	16.4875	15.97871	16.80686	17.40037	16.40691	16.21443
alpha_rarefaction_4008_9.txt	4008	9	15.51766	17.36537	18.59611	17.26048	18.97022	16.35827	17.72551	16.83134	17.80764	17.14093	16.05232	15.85761	17.69497	17.44595	16.67971	17.86196	15.76938	13.47466	17.39648	17.7861	17.76106	16.88947	17.98665	15.27742	17.3725	16.9515	15.99471	15.20063	16.89202	16.5098	16.71761	16.89136
alpha_rarefaction_6007_0.txt	6007	0	16.2862	18.18349	19.97116	18.34597	19.67686	18.20261	18.6959	18.61536	18.18223	18.5063	16.86654	17.61045	17.92928	19.14138	17.77649	18.62142	16.89546	16.22508	17.22769	19.23829	18.70508	18.50384	18.9411	16.37031	17.76806	17.66457	17.29826	16.02011	17.92297	18.70727	17.04424	17.16384
alpha_rarefaction_6007_1.txt	6007	1	16.572	18.41505	19.56446	17.63221	19.72216	17.68958	19.5177	17.8351	18.90534	18.69877	17.81143	17.43888	17.73229	18.94114	17.86324	17.2609	17.53735	15.07581	18.28045	18.97308	18.06646	18.51338	19.18113	16.70915	18.33725	17.19248	17.40168	15.41771	17.82924	18.52865	17.88304	17.2934
alpha_rarefaction_6007_2.txt	6007	2	16.52803	18.62042	18.88879	18.74199	20.16425	18.00435	18.96014	17.72435	18.83238	18.47972	17.66337	16.94248	18.30295	18.42708	17.62988	18.09042	17.28165	15.4068	17.96077	19.09594	18.75353	18.73787	19.40653	16.18629	17.81881	17.29019	17.2721	16.70639	17.2009	18.86754	17.5384	17.50369
alpha_rarefaction_6007_3.txt	6007	3	16.13142	19.11561	18.82363	17.82775	19.92517	17.89523	19.54878	18.95463	19.25325	18.6618	17.41802	17.21044	18.32451	19.34894	17.27117	18.16073	17.53784	15.21636	18.4575	19.06997	17.90679	19.19987	19.55932	17.00569	18.05718	17.97009	17.27836	16.50075	17.68853	18.59856	17.46563	17.40743
alpha_rarefaction_6007_4.txt	6007	4	15.45783	18.82671	18.94458	18.34461	19.75933	17.81337	18.92666	17.99842	18.31887	18.44062	16.85787	17.30455	18.04928	19.24115	17.8431	18.188	17.49142	15.09463	18.52397	19.24775	18.25014	18.82448	19.65325	16.47119	18.17451	17.85903	17.46567	15.9409	17.57649	18.05056	16.80189	16.92339
alpha_rarefaction_6007_5.txt	6007	5	15.85926	19.29229	18.9107	18.44635	19.91129	17.71907	19.46	17.87489	19.62047	18.4627	17.14435	17.881	18.52063	19.18154	18.00765	18.56926	17.16732	14.37071	18.4778	18.31152	17.71839	18.81277	18.8837	17.0979	18.45927	16.82473	17.50969	16.61822	18.17246	17.70618	17.18893	16.868
alpha_rarefaction_6007_6.txt	6007	6	15.9282	17.97749	19.3504	18.48685	19.87179	17.66102	18.91903	18.2109	19.85991	18.27368	17.86946	17.7152	18.66413	19.52707	17.19662	18.2482	17.17377	14.89082	18.19713	19.18433	18.48057	18.87448	18.80533	17.38659	17.577	17.8303	17.45956	16.47206	17.52526	18.07943	17.71874	17.51048
alpha_rarefaction_6007_7.txt	6007	7	15.51499	19.19222	19.494	18.43145	19.23935	17.08968	18.16702	17.24679	19.21343	18.28111	18.27469	17.27173	17.43149	19.16401	17.54477	17.99111	17.34219	15.26659	17.90808	18.90448	18.0716	18.33591	19.50042	16.32978	18.42759	16.79097	17.05696	16.71027	18.02289	18.93833	17.14813	17.36507
alpha_rarefaction_6007_8.txt	6007	8	16.5111	18.60021	19.03492	17.91723	19.71166	18.04119	18.73737	18.69057	19.29422	18.72872	17.97044	17.15888	17.89242	19.31858	17.77212	17.73557	17.59209	14.90677	18.3497	19.33041	18.41862	18.44955	19.49389	16.44349	17.97791	17.28521	17.77672	16.34029	17.41579	17.98524	16.93423	17.15804
alpha_rarefaction_6007_9.txt	6007	9	16.21066	18.46476	19.66975	18.0119	19.81239	17.85873	19.22913	18.18284	18.6669	18.01846	17.81563	17.3847	18.6135	19.05401	17.85878	17.99292	17.72474	14.72902	17.6789	19.0206	17.86243	18.43875	19.09732	16.67689	18.27898	17.9098	17.1171	16.68442	18.04599	17.90264	17.09809	17.16444
alpha_rarefaction_8006_0.txt	8006	0	16.71073	19.53126	20.00721	19.3537	20.29971	18.48447	20.10382	19.82669	19.7223	19.81062	18.35424	18.64928	19.1911	19.82465	18.53658	18.61861	17.88037	15.86199	19.35514	19.44221	18.52135	19.04226	20.43183	16.50724	19.06735	18.66671	18.06951	17.17145	17.50045	17.96	18.08715	18.00757
alpha_rarefaction_8006_1.txt	8006	1	17.22962	18.71746	20.6318	18.47878	20.13587	18.77875	20.10654	19.10889	20.73063	19.43313	18.01815	17.69603	18.83171	19.96854	18.02299	18.80779	18.15839	15.07502	18.16007	19.97432	18.59978	19.93063	19.79797	17.99092	19.41015	17.75839	17.73282	17.25568	18.09689	19.60521	17.98277	18.30403
alpha_rarefaction_8006_2.txt	8006	2	17.03783	19.05213	20.0196	19.16507	20.84806	18.69063	20.074	18.68563	19.28334	19.12806	18.16019	18.40585	18.99903	19.77034	18.88972	19.01182	17.97892	16.05971	18.91507	19.03926	18.39659	19.23004	19.78845	17.70102	18.54572	18.65645	17.46078	17.02825	18.37734	18.97576	18.07931	17.77422
alpha_rarefaction_8006_3.txt	8006	3	16.82612	19.61912	19.94894	18.42138	20.57723	18.46559	19.64866	19.24481	19.46286	19.60498	18.28688	17.35447	19.28455	19.56567	18.81029	18.82359	18.22742	16.26708	19.09588	19.70067	18.73503	19.09449	20.02688	17.27791	19.26622	19.18119	17.61502	17.09602	18.41221	19.61257	17.89391	17.77412
alpha_rarefaction_8006_4.txt	8006	4	16.92155	19.42185	20.21123	19.46655	20.56451	18.7428	19.6608	19.58266	19.62616	18.53831	18.20117	18.54575	18.97818	20.4729	18.88927	17.51152	18.15101	16.07616	18.75493	19.71065	18.58681	19.21514	20.01692	17.01222	19.38378	18.56618	18.27292	17.01284	18.12105	18.87366	17.75535	17.61114
alpha_rarefaction_8006_5.txt	8006	5	16.60925	19.58805	20.4427	19.21975	21.12901	18.87605	19.97552	18.80629	19.33664	18.30383	17.31817	17.60793	18.82939	19.86928	18.54856	18.88749	18.54342	15.42254	18.03232	19.74277	19.16507	19.20113	20.2641	17.27161	19.26642	18.08733	18.11043	16.86311	17.89135	19.6337	17.76491	18.158
alpha_rarefaction_8006_6.txt	8006	6	16.69244	19.24938	20.90169	19.27113	20.4346	18.8533	20.64942	18.75541	20.36007	18.53964	17.83808	17.84972	19.49513	19.2336	19.21435	19.13828	17.93627	16.22306	18.3884	19.45912	19.0716	19.31984	19.86821	17.88279	18.90175	17.88724	17.71308	17.50964	17.93841	18.88347	18.12401	18.37616
alpha_rarefaction_8006_7.txt	8006	7	16.58361	19.70231	20.27103	19.96559	20.64104	18.81728	19.39319	19.1229	19.61031	19.60864	18.43721	17.8257	18.56358	19.66002	19.04305	18.85999	18.0438	16.10581	19.46943	19.31588	18.86788	19.29538	19.74259	18.22845	18.88211	18.58686	17.91379	18.27665	18.13954	18.89306	18.19033	18.19068
alpha_rarefaction_8006_8.txt	8006	8	16.18192	19.36228	20.06781	20.16546	20.41829	19.42268	20.1637	19.47773	20.65439	18.87486	18.303	18.37496	18.88798	20.16695	17.98213	18.84082	17.5899	16.5085	19.41647	20.29246	19.01775	18.95957	19.45374	16.85849	19.71938	17.40835	17.82091	17.43466	17.63702	18.91695	18.43342	17.8863
alpha_rarefaction_8006_9.txt	8006	9	16.65972	19.74651	19.90398	19.20476	21.09404	17.78465	19.53478	19.17337	19.92604	18.85578	18.08324	18.06513	18.7873	20.24867	19.24943	18.43273	18.16278	16.04592	18.53209	19.96955	19.28126	19.86657	20.3199	17.64942	19.33641	18.2941	17.77519	17.37604	17.79387	19.1299	17.6161	17.86029
alpha_rarefaction_10005_0.txt	10005	0	17.181	19.50857	21.33044	19.9826	20.92154	19.56398	20.64075	19.27797	20.25025	20.05479	18.78331	18.50725	19.67794	20.54743	19.28408	19.37737	19.05704	16.55519	19.81457	20.30901	19.02462	19.48694	20.65892	17.63032	19.79409	19.6043	18.16835	17.78466	18.84705	19.63614	18.71002	17.89122
alpha_rarefaction_10005_1.txt	10005	1	17.41568	19.98044	20.7011	19.43269	21.24955	19.7439	20.19883	19.51053	20.19566	20.21772	18.35173	19.15452	20.12025	20.5584	19.34826	18.67827	19.2159	16.66913	19.84984	19.95378	19.40826	20.20677	20.76538	17.88822	19.5573	18.22103	18.48827	18.24125	18.53554	19.35063	18.46082	18.4463
alpha_rarefaction_10005_2.txt	10005	2	16.78854	20.01114	21.30944	19.74954	21.18987	18.81791	20.73061	18.35091	21.12859	20.37633	18.80215	19.51593	19.33521	20.7031	19.38206	19.14114	18.74519	16.66775	19.50565	20.74139	19.47961	19.13834	20.53493	17.26003	19.58856	19.06332	18.67042	17.30379	18.62297	20.51435	18.40568	18.04737
alpha_rarefaction_10005_3.txt	10005	3	17.37685	20.10069	21.11824	19.43205	21.47574	19.48854	20.49751	19.93851	20.41177	19.95253	18.53062	18.99466	19.46809	19.95694	19.37364	19.92881	18.24288	17.11022	19.29708	20.77837	19.8021	19.75874	20.85699	17.77278	19.64938	19.0231	18.51373	17.63905	18.85772	19.92361	18.18686	17.98468
alpha_rarefaction_10005_4.txt	10005	4	17.95798	19.43423	20.51162	19.43616	21.17331	19.74631	20.53983	19.39177	20.8798	20.14901	19.077	19.21311	20.07654	20.08034	19.3131	18.95574	18.75559	16.29036	19.39017	20.16261	19.33077	19.32365	20.89313	17.36903	19.48342	19.20298	18.1144	18.04612	18.58737	19.90555	18.26623	17.59189
alpha_rarefaction_10005_5.txt	10005	5	17.53795	20.06056	20.82364	19.54214	21.57377	19.9787	20.78148	18.36852	20.21952	19.21044	19.64086	19.61745	19.7036	20.5775	18.93643	19.4321	18.19654	16.06426	19.50325	20.98962	19.28319	19.46823	20.04487	17.91072	19.41347	18.42959	18.47714	17.89987	18.02195	19.49093	18.46842	19.04827
alpha_rarefaction_10005_6.txt	10005	6	17.04943	20.30652	20.498	19.84549	20.92257	19.19492	20.38357	19.47847	20.86746	19.74729	18.48602	18.91381	19.27165	20.21379	19.37951	19.46901	17.98776	16.59991	19.68748	20.58466	19.83237	19.67964	20.02989	18.23992	19.91871	19.13987	18.43654	17.84199	18.89209	19.97851	18.36849	17.98926
alpha_rarefaction_10005_7.txt	10005	7	17.6972	19.75986	20.77748	20.01429	21.02493	19.60973	20.38865	19.04921	20.89187	20.29208	18.38049	19.14848	19.64129	20.2174	19.41035	20.10053	18.46531	16.31517	19.11749	20.38533	19.62058	20.22047	20.27902	18.09198	19.72368	18.20533	18.37142	18.10582	18.65636	19.70249	18.39765	17.98564
alpha_rarefaction_10005_8.txt	10005	8	17.73965	20.30041	20.58317	19.96421	20.86102	20.11101	21.3653	19.30587	20.80133	19.43749	18.81372	19.14952	20.1131	20.72999	19.57098	19.44003	18.73387	16.35014	19.49918	20.35986	18.86296	19.32147	20.13904	17.43381	18.91011	19.67138	18.40804	17.41672	18.44646	20.00596	18.7094	18.66759
alpha_rarefaction_10005_9.txt	10005	9	17.3712	19.43641	20.74023	19.10219	20.83444	19.5782	20.70082	19.97574	19.97839	19.29351	18.37509	19.15895	19.42989	19.81066	18.95933	19.54413	18.77106	17.28988	19.36848	20.85983	18.68054	20.2784	20.03802	18.23285	19.36304	18.58712	18.30203	17.85481	18.20102	19.65927	18.6687	18.32049
alpha_rarefaction_12004_0.txt	12004	0	17.55154	20.7219	21.10973	19.54496	21.07403	20.62556	21.29825	19.93576	20.79794	19.93847	19.49699	19.04468	20.22715	20.85741	19.61955	20.26408	19.45554	17.17393	20.03915	20.58993	19.41446	20.07786	20.68167	18.68989	20.06625	20.10443	18.79276	18.37751	19.14036	20.23445	18.86488	18.77514
alpha_rarefaction_12004_1.txt	12004	1	17.42747	20.52155	21.09826	20.7656	21.24112	19.54671	21.32559	20.12562	21.36797	19.78667	19.24447	19.71849	20.15449	20.85582	20.07297	19.94235	19.3794	17.01557	20.19338	20.89948	19.88676	20.5116	21.37715	19.45211	19.91505	19.7944	18.93713	18.5656	18.87806	19.66312	18.92113	19.03157
alpha_rarefaction_12004_2.txt	12004	2	17.97073	20.29389	20.68966	20.69137	21.5029	19.73193	21.19628	19.9747	21.19888	20.32803	18.84434	19.49956	20.18788	20.70885	19.96338	20.53394	18.92924	17.23551	19.48537	20.34624	19.30601	20.35565	21.08585	18.04828	20.02654	19.75979	19.08298	18.83025	18.86521	19.84146	18.84037	18.99737
alpha_rarefaction_12004_3.txt	12004	3	17.87254	20.77322	20.96291	21.25613	21.83498	20.05382	20.71539	20.05339	20.99524	20.78051	19.01642	18.6225	20.12582	21.4558	19.83102	19.71211	18.63282	17.53904	20.13333	21.02929	19.83086	20.5601	21.02411	17.8648	19.75238	19.00936	18.64424	18.44957	18.95385	19.45745	18.53059	18.58635
alpha_rarefaction_12004_4.txt	12004	4	16.99539	20.03323	21.33286	20.3738	21.37085	20.15505	20.98969	19.54399	20.95541	20.14118	18.78944	19.10738	20.24464	20.95936	19.99597	20.14401	19.16856	16.49824	19.7486	21.29342	19.68568	19.52909	20.67746	18.75993	19.95733	18.66476	18.76224	18.36394	19.08336	19.79434	19.14499	18.70325
alpha_rarefaction_12004_5.txt	12004	5	17.10679	20.62852	20.55554	19.80028	21.08488	20.14693	21.48874	20.52768	21.09882	21.07224	19.96467	19.19601	20.46341	21.00522	20.19708	20.36017	19.02506	17.21789	20.07565	21.06099	19.96255	20.301	20.9304	18.64652	20.15405	19.3626	18.78183	18.25095	18.64452	20.46744	18.58868	18.95357
alpha_rarefaction_12004_6.txt	12004	6	17.64073	20.24371	21.4934	20.28432	21.65584	20.11512	20.63178	20.4815	21.13801	21.18882	19.52878	19.72739	21.19035	20.58399	20.02644	19.25672	19.05448	17.23788	19.33599	21.01619	19.77619	19.62245	20.64356	18.20042	19.99806	19.51507	18.8271	18.93407	19.05922	19.61965	18.83502	18.61307
alpha_rarefaction_12004_7.txt	12004	7	17.31812	20.69765	20.82475	20.40084	22.00137	20.07381	21.27122	20.52485	20.80746	20.54332	19.14061	18.82731	19.38081	21.43473	19.13108	20.48911	18.99957	16.74892	19.9437	20.35669	19.76286	20.15144	20.29658	18.92356	20.28178	19.4859	18.23206	18.47282	18.83667	20.12093	19.05726	19.00652
alpha_rarefaction_12004_8.txt	12004	8	18.02714	20.16805	21.49287	20.49404	21.43405	19.84063	20.87683	20.01354	21.03453	20.95751	19.2099	19.43766	20.18345	20.65895	19.46415	20.11025	19.28531	17.06917	19.89209	21.07509	19.39243	19.83071	20.45275	18.12018	20.14592	19.98945	18.89867	19.39134	19.03561	20.34071	18.94144	19.61142
alpha_rarefaction_12004_9.txt	12004	9	17.79171	21.20329	21.37353	19.71314	20.94307	20.057	21.17128	20.65239	21.0314	20.13381	18.57438	19.23396	20.07703	20.40641	19.76209	19.30041	19.12745	16.649	19.89589	21.01615	19.16953	20.10263	20.58084	18.78587	19.87243	19.15639	18.65731	18.07611	19.23303	19.94679	19.10397	18.74477
alpha_rarefaction_14003_0.txt	14003	0	18.24227	20.73418	21.51265	20.14721	21.69035	19.76514	21.25044	20.73268	20.62893	20.59393	20.03382	19.62922	20.14934	21.287	19.73833	21.04687	19.39547	17.41282	19.72305	21.19002	19.97426	20.0878	21.41868	19.10782	20.51566	19.32041	19.03437	18.91066	18.85317	20.67598	18.95791	19.91561
alpha_rarefaction_14003_1.txt	14003	1	17.64535	20.57946	21.48355	20.58965	21.63346	20.67812	20.60199	20.34753	21.62269	20.4866	19.21	19.33806	20.20118	20.71444	20.48272	20.41607	19.42433	17.39847	19.69702	21.72376	20.26693	20.75631	21.06319	19.01937	20.06044	20.19893	19.31985	19.51995	19.22705	20.95952	19.59206	19.3481
alpha_rarefaction_14003_2.txt	14003	2	17.82711	20.50695	22.09754	20.99154	21.80132	20.07675	21.25523	20.93138	21.37512	20.8228	19.40387	20.46659	21.13007	21.05197	19.72266	20.24539	19.07143	17.02245	20.31953	20.76051	20.22267	20.65953	21.13507	19.09935	20.27991	19.68498	19.19767	18.9348	19.34536	20.6705	18.53469	19.07491
alpha_rarefaction_14003_3.txt	14003	3	17.55706	20.51457	21.32038	20.69556	22.03214	20.36577	20.65003	20.5502	20.80867	21.56547	19.20438	19.44264	20.85074	21.44897	20.46645	20.11223	19.13538	18.03197	19.66473	20.99534	20.07061	20.70285	21.03206	19.31624	20.26328	19.42431	18.8893	19.1065	19.15481	20.27987	19.19895	19.33453
alpha_rarefaction_14003_4.txt	14003	4	17.61829	20.5721	21.26853	20.45357	22.11044	20.36108	21.289	20.81777	21.5424	20.66843	19.82674	20.15112	20.87943	21.46617	20.00431	21.04702	19.38275	17.23839	20.16013	21.10434	20.11616	21.38588	20.68072	18.7131	20.43525	20.11282	18.87055	18.81132	18.77082	20.29073	19.26081	18.75089
alpha_rarefaction_14003_5.txt	14003	5	17.57808	20.29869	21.55761	20.68546	21.36611	20.31607	21.41357	20.03164	21.91338	20.39322	19.88677	19.94395	21.06432	21.32372	20.51133	20.40866	19.02631	17.6463	20.30926	21.71754	20.04685	20.61269	21.26547	18.46715	19.96842	19.71144	18.80463	19.45676	18.90451	20.25936	18.70191	18.56344
alpha_rarefaction_14003_6.txt	14003	6	17.8497	21.16598	22.30289	20.75806	22.01252	20.51325	21.28578	20.49156	20.66103	20.2787	19.8165	19.68882	20.68069	21.2965	20.54844	20.40039	18.73294	17.26605	19.92125	21.03303	19.76029	19.61158	20.52646	19.02595	20.37733	19.69552	18.89683	18.16901	19.20698	20.60625	19.28218	19.45159
alpha_rarefaction_14003_7.txt	14003	7	17.66166	21.06315	21.64927	20.80285	21.70871	19.95015	22.09428	20.83867	21.28425	20.83485	19.53422	19.63847	21.13122	21.03934	19.89868	19.72363	19.33092	17.67117	20.2632	21.05749	20.08723	20.22141	21.55329	18.70905	20.33062	19.22207	19.04246	18.98125	18.95943	20.83885	19.28092	18.96911
alpha_rarefaction_14003_8.txt	14003	8	18.15568	20.43027	21.29096	19.7323	21.6592	20.18372	21.0161	20.71367	21.58083	20.20447	19.27246	20.03516	21.04057	21.5735	20.35887	20.50209	19.3537	17.6283	19.68841	21.70131	19.69743	20.59918	21.61442	18.70084	20.37652	19.66148	19.30587	18.80534	19.22754	20.79271	18.91258	19.22879
alpha_rarefaction_14003_9.txt	14003	9	18.07856	20.81911	21.59871	20.32242	21.93722	19.97372	21.46003	19.76001	21.64359	20.68981	19.86801	20.737	20.33886	21.52022	20.26033	20.08844	18.74903	17.32262	20.27037	21.43712	19.81516	20.15082	20.80242	18.83064	20.08097	20.10871	19.08789	18.05156	18.97126	20.86299	19.62988	19.22428
alpha_rarefaction_16002_0.txt	16002	0	18.45167	20.97544	21.52644	20.63342	21.17789	20.93641	21.60334	21.16903	21.55887	21.04513	20.26911	19.61592	20.06528	21.84207	20.26691	20.70997	19.61986	18.02727	20.63972	21.41884	20.17864	20.82537	21.87741	19.1275	20.47575	20.82574	18.98497	18.82776	18.94831	21.42621	19.49368	19.5213
alpha_rarefaction_16002_1.txt	16002	1	18.77025	20.33973	22.08385	21.39125	22.47219	20.63651	21.81558	21.37681	21.27242	21.27854	20.12738	20.57107	20.67586	21.67301	20.36415	20.76293	19.44197	17.977	20.57127	21.38153	20.29462	20.99815	21.28484	19.26473	21.00435	19.94034	18.923	19.1582	19.27742	20.74029	18.81903	19.421
alpha_rarefaction_16002_2.txt	16002	2	18.36743	20.64909	22.27691	20.72102	22.39145	20.55702	21.75692	21.0649	21.02126	21.12208	20.22257	20.10219	21.62447	21.07648	20.07163	21.03289	19.64873	18.04723	20.4374	21.48201	20.15684	20.14536	20.84705	19.16565	20.69902	20.36937	19.19562	18.79083	18.984	20.92774	19.40628	19.04327
alpha_rarefaction_16002_3.txt	16002	3	18.08053	20.79799	22.14654	21.27502	21.76515	21.07262	21.70316	21.22328	21.64046	22.02159	20.59753	19.84056	20.98676	22.12712	20.74485	20.56061	19.43984	16.94372	20.17671	21.62309	20.42467	20.3318	21.3021	19.00727	20.27057	20.3234	19.32283	19.1514	19.30427	20.67738	19.47745	19.84579
alpha_rarefaction_16002_4.txt	16002	4	18.3822	21.04389	22.0409	21.15809	22.22746	20.94339	21.67957	21.17094	21.11251	21.15994	20.1856	20.21548	20.83519	21.42769	20.9865	20.80601	19.7321	17.89601	20.75862	21.91042	20.15705	20.46101	21.67852	19.16412	20.12546	20.23468	19.36981	19.18115	19.36584	20.49196	19.41697	19.47143
alpha_rarefaction_16002_5.txt	16002	5	18.31966	20.58881	21.26748	20.73377	21.564	20.63462	21.82529	21.55103	21.84581	21.61628	20.31876	20.59918	21.20058	21.55638	20.77074	20.53161	19.72543	17.34141	20.04073	21.48279	20.3716	20.53698	21.61244	19.30067	20.38439	19.82222	19.26111	19.33688	19.31901	20.84207	19.42073	19.2576
alpha_rarefaction_16002_6.txt	16002	6	18.67319	20.80046	21.99171	21.22812	22.5898	20.72308	21.96682	20.54376	21.56625	21.58224	20.35213	20.20533	21.66925	20.82372	20.63053	20.43789	19.01345	17.61804	20.53993	21.50519	20.07457	20.49416	21.32647	19.93693	20.42472	19.3663	18.9064	19.20637	19.23962	20.02465	19.2785	19.83657
alpha_rarefaction_16002_7.txt	16002	7	18.20225	21.09402	21.7067	20.99138	22.02937	20.41363	21.82206	19.66492	21.17348	21.03193	20.05197	20.22084	20.6292	21.98084	20.41357	20.8222	19.57516	17.78096	20.36857	21.85787	20.30781	20.22818	21.22141	19.51288	20.44257	19.98712	19.28952	19.3783	19.28108	20.61435	19.87234	19.07059
alpha_rarefaction_16002_8.txt	16002	8	18.74598	20.6104	21.12424	20.8007	21.61289	20.34775	21.67178	20.99044	21.21512	21.42689	20.61668	20.16788	21.05798	21.54466	20.05417	20.90807	19.86716	17.64592	20.20868	22.04443	20.30911	20.77149	21.35825	19.15254	20.323	20.08809	19.56824	19.19217	19.28646	20.82706	19.387	19.66555
alpha_rarefaction_16002_9.txt	16002	9	18.34741	20.99431	21.7979	20.87012	22.06124	21.04358	21.48954	20.74486	21.14186	21.25135	19.43591	20.19653	21.02954	21.45134	20.05897	20.12365	19.87309	17.72639	20.50008	21.48054	19.82473	20.37492	21.53814	19.48957	20.42163	19.8385	19.39372	18.86327	19.32186	20.10344	19.53353	19.34276
alpha_rarefaction_18001_0.txt	18001	0	18.46212	21.06499	22.30937	21.65314	22.19898	21.41476	21.96966	21.54083	22.12573	22.08369	19.68657	19.95767	20.81013	21.5904	21.48618	21.02756	20.26306	18.15644	20.48972	21.62351	20.17284	20.89105	21.39944	18.88408	20.6547	19.71159	19.42937	19.4519	19.42315	21.3873	19.55237	19.84893
alpha_rarefaction_18001_1.txt	18001	1	18.37949	21.38049	22.34248	21.22774	22.58234	21.04322	21.69228	20.35991	21.77644	21.39128	20.34869	20.98331	21.21147	22.08912	20.77066	20.39263	19.79151	18.17077	20.53152	21.36152	20.51989	20.27954	21.43772	19.13856	20.63028	19.93124	19.1697	19.20685	19.13725	21.07842	19.33071	19.1722
alpha_rarefaction_18001_2.txt	18001	2	18.74715	21.0855	22.36436	21.05193	22.28954	20.84935	21.70278	20.9696	22.25477	21.71289	20.08111	20.65917	21.17639	20.96458	21.0528	20.73846	19.79263	18.18892	20.44373	22.16011	20.0021	20.76763	21.6743	20.2864	20.62572	20.82445	19.38094	19.63629	19.43774	21.09697	19.75109	19.16852
alpha_rarefaction_18001_3.txt	18001	3	18.54142	20.70997	22.12417	21.31212	21.74795	20.93034	21.84697	20.55835	21.9773	21.94339	20.67495	20.64236	20.65436	21.20991	20.76553	20.89659	19.83416	18.26499	20.49791	22.3449	20.37538	20.86625	21.47084	19.42296	20.80957	19.89513	19.59249	19.417	19.43571	20.88606	19.5318	19.62461
alpha_rarefaction_18001_4.txt	18001	4	18.71731	21.19429	22.35176	21.31767	22.68607	21.37908	21.68687	20.98002	21.86777	21.74927	20.70979	20.33394	21.51551	21.23227	20.95259	20.37707	20.08091	18.50973	20.29487	21.84196	20.45459	21.24854	21.26459	19.52419	20.49026	20.7832	19.80696	19.33298	19.45273	21.23487	19.4874	19.48167
alpha_rarefaction_18001_5.txt	18001	5	18.99517	20.90763	22.18649	21.09159	23.21602	20.58325	22.59168	21.50504	21.41161	22.21365	20.76371	20.91057	21.10285	22.04683	21.62444	20.23902	19.64639	18.01679	20.37501	21.48055	20.39453	20.80461	21.23174	19.45768	20.53039	20.64871	19.396	19.42702	19.36626	21.27712	19.58617	20.07453
alpha_rarefaction_18001_6.txt	18001	6	18.45067	21.4489	22.65285	20.36361	21.69282	21.34972	22.34027	21.61846	21.92475	21.81748	20.65307	21.1005	22.01271	21.47775	20.52469	20.12522	19.64216	17.42238	20.43535	21.62263	20.25822	20.59573	21.30022	19.2802	20.97843	19.931	19.76336	19.67132	19.35639	21.17602	19.72807	19.82629
alpha_rarefaction_18001_7.txt	18001	7	18.72001	21.02135	21.80114	20.68564	22.64728	21.27981	22.01061	20.66194	21.79244	21.19242	20.27647	19.7663	21.13014	22.60221	21.28919	21.12077	19.46428	18.32294	20.39925	21.6141	20.44036	20.85708	21.55847	19.59139	20.95773	21.04456	19.40093	19.51244	19.39251	21.52703	19.80569	19.48349
alpha_rarefaction_18001_8.txt	18001	8	18.80076	21.5569	22.00883	21.6039	21.96841	21.36565	21.79213	20.99539	21.53948	21.85818	20.21362	20.31722	21.11123	22.31447	20.50255	21.12352	20.16341	18.23973	20.68262	21.35387	20.34351	20.39274	21.27917	20.18779	20.85762	20.0166	19.11582	19.32385	19.45036	21.34441	19.75014	19.67424
alpha_rarefaction_18001_9.txt	18001	9	18.13249	21.27981	21.87011	21.14978	22.46841	21.43848	21.58198	21.80982	22.12956	21.99766	20.29404	20.26508	20.32672	22.53234	20.49369	21.21995	20.0031	17.9321	20.72777	22.2109	20.48636	20.90983	21.63318	19.89004	20.72232	20.41155	19.23558	19.34812	19.43099	22.01376	19.60474	19.97255
alpha_rarefaction_20000_0.txt	20000	0	18.75336	22.0411	22.3977	21.58672	23.16973	21.23898	22.78194	21.64946	22.54319	21.77769	20.43229	21.07757	21.40183	21.64364	21.03077	20.78604	19.92144	18.92918	20.60478	22.38545	20.31121	20.74863	21.53824	19.59057	21.05804	19.95398	19.72906	19.74672	19.45554	21.29942	19.74202	20.00022
alpha_rarefaction_20000_1.txt	20000	1	18.1752	22.05064	22.64662	21.1507	22.40267	21.10589	22.81372	21.67402	21.56758	21.99332	20.25631	19.94436	21.32001	22.55892	21.42684	21.40331	19.86741	18.6163	20.82895	22.09771	20.46759	21.13242	21.75503	19.81478	20.74647	20.1467	19.66612	19.47688	19.47254	22.02386	19.67633	20.11976
alpha_rarefaction_20000_2.txt	20000	2	19.06858	21.34194	22.31554	21.74526	22.26643	21.34084	21.69878	22.41726	21.97691	21.99801	20.52627	20.45983	21.3949	21.68709	20.94518	21.17213	20.0292	18.44731	20.52199	21.97518	20.48662	21.21433	21.77762	19.78448	20.57973	19.89734	19.47235	19.29729	19.47254	21.24271	19.71515	19.69465
alpha_rarefaction_20000_3.txt	20000	3	18.8177	21.71575	22.14874	22.16631	22.38039	21.56001	22.4925	21.45872	21.99647	21.75548	20.46783	19.67878	21.84231	21.88688	20.92056	21.30159	20.42256	17.57863	20.94423	21.91723	20.44614	20.77775	21.4506	19.77191	20.86607	20.67259	19.97762	20.22876	19.47254	21.41651	19.84666	19.58673
alpha_rarefaction_20000_4.txt	20000	4	18.87445	21.19571	22.37204	21.61886	23.05071	21.18603	22.39614	21.3749	22.01864	21.50273	20.48085	20.36723	21.68848	22.9573	21.04796	21.47561	19.98926	18.03886	20.61986	21.90074	20.45322	21.26741	21.97762	19.28403	20.62504	20.99409	19.42246	19.60325	19.47254	21.52214	19.21692	19.33949
alpha_rarefaction_20000_5.txt	20000	5	19.13355	20.99118	22.18579	21.72942	22.91129	20.61577	21.87681	21.44335	21.86057	21.93414	20.92789	20.7386	21.58751	21.92744	20.58766	21.39112	20.00166	17.35301	20.81982	22.44088	20.57151	20.60629	21.84649	19.55852	21.01636	20.74197	19.55937	19.50261	19.45554	21.61504	19.9072	19.97685
alpha_rarefaction_20000_6.txt	20000	6	19.03547	21.40504	22.68134	21.886	22.47776	20.85793	22.37042	21.2373	21.1845	21.6821	20.84028	20.66738	20.89602	22.20835	21.16145	21.35753	20.41846	18.66901	20.98526	22.12164	20.54804	21.10508	21.62104	19.01209	21.05662	20.59581	19.92012	20.44597	19.47254	21.21104	19.89544	19.99631
alpha_rarefaction_20000_7.txt	20000	7	18.67925	21.72593	22.0892	21.73892	22.73326	20.90827	21.49444	21.81542	21.9459	22.22966	21.38546	20.52917	21.62364	22.69941	20.99843	21.56806	20.09515	18.69311	20.45654	22.3462	20.50596	21.17989	21.52869	19.74292	21.22685	20.51682	19.55012	19.98848	19.47254	21.29723	19.85064	19.96903
alpha_rarefaction_20000_8.txt	20000	8	17.99049	21.51928	22.18833	21.659	22.25233	21.08308	21.80444	21.4256	22.24125	21.67984	20.68377	21.00233	22.17688	22.11726	21.45679	21.49438	20.04381	18.47016	20.52108	22.76708	20.57033	20.87713	21.78604	19.04012	20.55332	20.64071	19.64537	19.78802	19.43571	21.06332	19.63202	19.95585
alpha_rarefaction_20000_9.txt	20000	9	18.60448	21.67393	22.7189	21.89893	22.89996	21.2069	21.8777	21.7902	21.82559	21.60177	20.56776	20.19595	21.68271	22.48383	21.47269	21.53485	20.34397	18.25428	20.91278	22.27827	20.5981	21.15281	22.112	20.61896	21.10252	20.61957	19.37671	19.51182	19.47254	21.33379	19.747	19.73927