	sequences per sample	iteration	A1	A2	B1	B2	C1	C2	D1	D2	E1	E2	F1	F2	G1	G2	H1	H2	s1r1	s1	s2r1	s2	s3r1	s3	s4r1	s4	s5r1	s5	s6r1	s6	s7r1	s7	s8r1	s8
alpha_rarefaction_10_0.txt	10	0	3.32192809489	2.64643934467	3.12192809489	3.32192809489	3.32192809489	2.64643934467	2.92192809489	2.72192809489	2.92192809489	3.32192809489	3.12192809489	3.12192809489	3.12192809489	2.72192809489	3.12192809489	2.92192809489	3.32192809489	2.84643934467	2.92192809489	2.92192809489	3.32192809489	3.32192809489	3.32192809489	3.32192809489	2.92192809489	3.12192809489	3.12192809489	3.32192809489	3.32192809489	3.32192809489	2.84643934467	3.32192809489
alpha_rarefaction_10_1.txt	10	1	3.12192809489	3.12192809489	3.32192809489	3.32192809489	3.32192809489	2.84643934467	3.12192809489	2.64643934467	2.92192809489	2.92192809489	2.92192809489	3.12192809489	3.12192809489	3.32192809489	2.92192809489	3.12192809489	3.12192809489	3.12192809489	3.12192809489	3.12192809489	3.32192809489	3.12192809489	3.12192809489	2.84643934467	2.64643934467	3.32192809489	2.92192809489	3.12192809489	2.84643934467	3.12192809489	3.12192809489	3.12192809489
alpha_rarefaction_10_2.txt	10	2	2.32192809489	3.12192809489	2.92192809489	2.92192809489	2.84643934467	3.32192809489	2.92192809489	2.92192809489	3.32192809489	3.12192809489	3.12192809489	3.32192809489	3.32192809489	3.12192809489	3.12192809489	3.32192809489	3.32192809489	2.92192809489	3.12192809489	3.12192809489	2.92192809489	3.12192809489	2.64643934467	2.92192809489	2.92192809489	3.32192809489	2.92192809489	3.12192809489	2.64643934467	3.32192809489	2.84643934467	3.12192809489
alpha_rarefaction_10_3.txt	10	3	2.92192809489	2.84643934467	3.12192809489	2.92192809489	2.92192809489	2.92192809489	2.92192809489	2.84643934467	3.12192809489	2.92192809489	3.12192809489	3.32192809489	3.12192809489	2.92192809489	3.12192809489	2.72192809489	2.72192809489	3.12192809489	3.32192809489	3.32192809489	3.32192809489	3.32192809489	3.12192809489	2.92192809489	3.12192809489	3.12192809489	2.84643934467	2.92192809489	2.84643934467	3.12192809489	2.64643934467	3.32192809489
alpha_rarefaction_10_4.txt	10	4	2.84643934467	2.52192809489	3.12192809489	2.92192809489	3.32192809489	2.52192809489	3.32192809489	3.32192809489	2.92192809489	3.12192809489	2.44643934467	2.92192809489	3.12192809489	3.32192809489	3.32192809489	3.32192809489	3.12192809489	3.32192809489	3.12192809489	2.92192809489	2.64643934467	3.12192809489	3.12192809489	2.84643934467	2.44643934467	3.12192809489	2.92192809489	3.12192809489	2.64643934467	3.12192809489	3.32192809489	2.92192809489
alpha_rarefaction_10_5.txt	10	5	2.92192809489	3.32192809489	3.12192809489	2.84643934467	3.32192809489	3.32192809489	2.92192809489	3.12192809489	2.92192809489	3.12192809489	3.12192809489	2.64643934467	2.92192809489	3.12192809489	2.64643934467	2.84643934467	3.12192809489	2.16096404744	2.92192809489	3.12192809489	2.92192809489	3.32192809489	2.92192809489	2.84643934467	3.12192809489	3.12192809489	3.32192809489	3.12192809489	3.12192809489	2.72192809489	2.84643934467	3.12192809489
alpha_rarefaction_10_6.txt	10	6	2.92192809489	3.32192809489	2.52192809489	3.12192809489	2.92192809489	3.12192809489	3.32192809489	2.92192809489	3.32192809489	3.32192809489	3.12192809489	2.37095059445	3.32192809489	3.32192809489	2.84643934467	3.12192809489	3.12192809489	2.64643934467	3.32192809489	2.92192809489	2.92192809489	3.32192809489	2.84643934467	2.52192809489	2.92192809489	2.92192809489	3.32192809489	3.32192809489	3.32192809489	3.32192809489	2.72192809489	2.64643934467
alpha_rarefaction_10_7.txt	10	7	2.92192809489	3.12192809489	2.52192809489	3.32192809489	3.32192809489	2.72192809489	2.92192809489	2.92192809489	2.92192809489	2.92192809489	3.12192809489	3.12192809489	3.12192809489	3.32192809489	2.52192809489	3.12192809489	3.12192809489	3.12192809489	3.12192809489	3.32192809489	3.12192809489	2.64643934467	3.12192809489	2.92192809489	2.92192809489	2.72192809489	3.32192809489	2.84643934467	3.12192809489	3.12192809489	3.12192809489	3.12192809489
alpha_rarefaction_10_8.txt	10	8	2.64643934467	3.32192809489	3.12192809489	2.32192809489	3.32192809489	3.32192809489	3.12192809489	3.12192809489	2.16096404744	3.32192809489	3.12192809489	3.12192809489	3.12192809489	3.32192809489	3.32192809489	2.84643934467	2.72192809489	3.12192809489	2.92192809489	3.12192809489	3.32192809489	2.92192809489	3.32192809489	3.12192809489	3.32192809489	2.92192809489	2.64643934467	2.92192809489	3.32192809489	2.92192809489	3.12192809489	3.32192809489
alpha_rarefaction_10_9.txt	10	9	2.44643934467	2.92192809489	2.92192809489	2.84643934467	2.72192809489	2.64643934467	3.32192809489	3.12192809489	2.32192809489	3.12192809489	3.32192809489	3.12192809489	2.72192809489	3.12192809489	3.32192809489	3.12192809489	3.12192809489	2.32192809489	3.32192809489	3.12192809489	3.12192809489	3.12192809489	3.12192809489	3.12192809489	3.12192809489	3.32192809489	3.12192809489	2.92192809489	3.12192809489	3.12192809489	2.92192809489	3.32192809489
alpha_rarefaction_2009_0.txt	2009	0	5.30223663792	6.20014299651	6.00623838765	5.45360193629	6.44646777177	5.66766452131	6.11760592723	5.53879985446	6.27929745206	6.12671191223	5.60643392824	5.47336804745	6.07071561077	6.21066845127	5.88823649382	5.96763825634	5.67789554598	5.17154347778	5.99095271928	6.17769879634	6.22530970913	6.18511334123	6.11545797502	5.63575598807	6.15543637736	5.97891713278	5.70878389332	5.58765733416	5.82732036449	6.06158057596	5.82457289961	5.94093947569
alpha_rarefaction_2009_1.txt	2009	1	5.33144278787	6.121863538	6.00458806897	5.49925619181	6.49630591941	5.55570033428	6.14673756169	5.59041743244	6.12515206765	6.05274556469	5.69064521545	5.4155032564	6.04637668154	6.20529248868	5.85969338054	5.99714053924	5.7841054044	5.10027530923	6.04246451494	6.0960396525	6.14395992394	6.34320465599	6.08755204789	5.69441149121	6.17915061149	6.00934008618	5.79208027969	5.58220147391	5.84997161337	6.06933260199	5.9330408869	6.00630519314
alpha_rarefaction_2009_2.txt	2009	2	5.32559655901	6.1878544961	6.02688258312	5.46912052608	6.51421610301	5.55936447923	6.01593893043	5.55708490125	6.13572127768	6.15598656628	5.57914454862	5.39420251718	5.99385965892	6.26135857009	5.81005162979	5.98470538554	5.66809239541	5.1021527037	6.05365161484	6.16509489077	6.15071041282	6.30750643916	6.05165930484	5.55318771274	6.08030414739	6.11940669441	5.77288562353	5.57597112363	5.85734664617	6.07809438304	5.87847269056	5.87810461385
alpha_rarefaction_2009_3.txt	2009	3	5.29933261128	6.13097822144	6.00388665488	5.48989252668	6.6554299217	5.60778624781	6.10102119246	5.65364079592	6.20812002638	6.08237141813	5.63098746502	5.41253354601	5.9850067136	6.25224399855	5.84113323485	5.9654699932	5.76135745786	5.10200201699	6.15644671774	6.15981158948	6.23994740202	6.38160966061	6.15200065508	5.60842520876	6.11557759168	6.01079458894	5.92637355874	5.64630231391	5.80403933672	6.10531401852	5.90169317678	5.99815501595
alpha_rarefaction_2009_4.txt	2009	4	5.43641613219	6.21383928205	5.97980927899	5.36193518815	6.48795205453	5.55061742255	6.11172146896	5.5834686274	6.14012948892	6.06030931175	5.59513559977	5.32623391466	5.99623197096	6.21855163677	5.85289491625	5.92032389126	5.79894801879	5.21063958262	6.09847837734	6.18669569962	6.24005882155	6.32117983912	6.15678445898	5.63198098871	6.04541049803	6.05837883864	5.82917907413	5.5401099902	5.86076926046	6.07691010066	5.86395830098	5.91500035899
alpha_rarefaction_2009_5.txt	2009	5	5.34163773364	6.23351955153	6.04427423462	5.47339648963	6.54956606018	5.52141833525	6.06589727223	5.66025226048	6.26129903305	6.08643501677	5.60318653962	5.49394909209	5.98277680544	6.27923885394	5.88274561734	5.95083540052	5.73871938539	5.09612612201	6.13398255792	6.1398623026	6.15891645646	6.36887152978	6.06218268768	5.57570458624	6.0551011486	6.08640809717	5.89931483916	5.64363462263	5.86439528223	6.0148810127	5.92240645375	5.91197499512
alpha_rarefaction_2009_6.txt	2009	6	5.31773919324	6.16531162291	5.96712254324	5.52524036335	6.46161317443	5.66506708412	6.11659208675	5.72125476199	6.10592681844	6.05242714791	5.66410262582	5.56587605079	6.08240731303	6.27367611767	5.87675671744	5.99198875675	5.71726557377	5.06454413486	6.07652553288	6.1797882817	6.15034513469	6.25472856553	6.10156376784	5.55542740946	6.12096887386	6.12729511826	5.79010941949	5.64514954977	5.84526749574	5.97751331191	5.89459241185	5.96574807618
alpha_rarefaction_2009_7.txt	2009	7	5.23903940075	6.15789600607	6.04574806448	5.38968412463	6.54841304128	5.44875482484	6.06020252626	5.61332013685	6.13236267987	6.08881051479	5.57002018482	5.45513225973	6.02134525085	6.21413759585	5.85789194628	5.91598588528	5.78165767315	5.21910904658	6.10331458995	6.09105266926	6.20029934309	6.18375492456	6.19431822094	5.60775050346	6.10918419894	5.99700457883	5.79329469986	5.5698625384	5.96361229286	6.04645343619	5.84013027345	5.94613243054
alpha_rarefaction_2009_8.txt	2009	8	5.32368341603	6.2376023584	6.13666833612	5.43954675284	6.5062555867	5.62471533331	6.10499123706	5.64458050945	6.23041107928	6.155322659	5.65276496432	5.34292270221	5.97938788737	6.23381358181	5.81967458156	5.96065088556	5.58956276499	5.09918746038	6.10606240752	6.25128433378	6.10120911906	6.3644132867	6.18984342324	5.63118467261	6.09805765418	6.05894014383	5.78782880479	5.56539785597	5.79621600321	6.08601000388	5.92737914452	5.89470980385
alpha_rarefaction_2009_9.txt	2009	9	5.27051645392	6.14557829978	6.0971586351	5.40575813896	6.46408266636	5.6048614016	6.1156474921	5.64918886388	6.13509357173	6.08259835253	5.59608320419	5.44515043678	6.07408971842	6.32813535623	5.76355665693	5.91336647706	5.73719428416	5.12690652277	6.10295775722	6.11035565491	6.15287196206	6.3428234187	6.1685694442	5.6185394846	6.17979864665	6.0351931394	5.95009332971	5.63557942544	5.89701049877	6.11519987307	5.89729589996	5.98035203044
alpha_rarefaction_4008_0.txt	4008	0	5.35641015746	6.17199894316	6.02340906638	5.51348153883	6.56233871855	5.59052378525	6.20700635016	5.66357175756	6.28358534199	6.12806349424	5.68351033111	5.54100372196	6.09813823692	6.3057638695	5.94858115715	5.99676071747	5.74968298371	5.14232140155	6.18925733944	6.24324637636	6.19355939427	6.32212240287	6.14759575528	5.61875764784	6.14216465783	6.03130512578	5.91991869943	5.66010261621	5.94625961059	6.05976316008	5.91982865218	5.86690188937
alpha_rarefaction_4008_1.txt	4008	1	5.35655308077	6.29185110315	6.10143372176	5.52736523813	6.56269888402	5.6271041726	6.13679037033	5.71008451335	6.24785998418	6.19883626225	5.72348451618	5.43800696583	6.08760308895	6.32965877721	5.92388486159	5.96811303341	5.81149037877	5.22028954213	6.16117567724	6.2263611871	6.2299811717	6.32696223793	6.16932783221	5.604625962	6.13742289513	6.07892025217	5.83062539509	5.61648652854	5.9100669917	6.13132572619	5.93139115057	5.94803238061
alpha_rarefaction_4008_2.txt	4008	2	5.38356403972	6.25647289858	6.04196553433	5.5727370893	6.61137252346	5.61367706012	6.17552708681	5.65564929748	6.22448638708	6.13503778753	5.64407568916	5.51595826935	6.09204111523	6.25025645558	5.93117068635	5.98673941468	5.72669008856	5.21277169457	6.16322581825	6.22195889612	6.29800888634	6.35619212216	6.15028711451	5.66594980999	6.10590377087	6.05039930005	5.92416843562	5.63608907761	5.93853633601	6.06955239725	5.95558621426	6.01209038875
alpha_rarefaction_4008_3.txt	4008	3	5.40997535594	6.2586872211	6.1707842408	5.51995629035	6.57889369466	5.59532812183	6.17558370853	5.69997495167	6.25131119665	6.1549310699	5.66720939883	5.52017271146	6.10626186845	6.31034079428	5.89653121661	5.95839055153	5.71766540981	5.1303021861	6.11274594002	6.13162360767	6.24702853189	6.38375712398	6.16337175804	5.66347833181	6.15315356421	6.11426333102	5.84993045545	5.64419433586	5.86890591	6.0705500982	5.91993197681	5.92167093467
alpha_rarefaction_4008_4.txt	4008	4	5.41786067677	6.26891712279	6.08972707536	5.49144985724	6.63662347385	5.56120983069	6.20114916338	5.66344070303	6.2902611074	6.17896216299	5.60697739159	5.47649061271	6.08029228391	6.32500638671	5.86430318118	6.06396477144	5.75271725699	5.11053890133	6.18610568507	6.20737938229	6.21581046904	6.34119571199	6.18299418411	5.68499345834	6.16260196766	6.0774623718	5.90364155945	5.66564438417	5.93357638612	6.11847014238	5.91964174285	5.90175636205
alpha_rarefaction_4008_5.txt	4008	5	5.37207898096	6.23628729252	6.05825894525	5.50468758677	6.55151524742	5.61280441309	6.16065563867	5.65850865843	6.23548594532	6.10543533117	5.59494822451	5.55309539778	6.09182466578	6.28336488265	5.99521767068	5.96992189328	5.75916895628	5.20760919633	6.1414252309	6.19879287678	6.21777059757	6.35997728034	6.14819117616	5.63077959048	6.08512643554	6.09398499587	5.92243594666	5.63687020861	5.8650271092	6.11350004913	5.89328395491	5.90524908847
alpha_rarefaction_4008_6.txt	4008	6	5.33045604767	6.20613376887	6.1169937236	5.54926022266	6.5966779178	5.72129874762	6.21703299295	5.72163512676	6.28290605704	6.12889060738	5.69683287893	5.48542271498	6.09391242271	6.36546252538	5.89136718075	5.97591954822	5.76490923291	5.21493794057	6.15792021517	6.20429916766	6.25473664432	6.32120406205	6.21146534249	5.5974078101	6.19366585778	6.08170466719	5.87323861253	5.6261112471	5.91873104977	6.13797350929	5.90572103745	5.91093147454
alpha_rarefaction_4008_7.txt	4008	7	5.36269547138	6.20033171614	6.06122849291	5.49105197738	6.62575869896	5.63488952248	6.13282481276	5.68058945973	6.25228523741	6.12936682556	5.66690197245	5.38109920404	6.13278971728	6.3231665543	5.8861667737	6.04818739591	5.76029778447	5.13484816586	6.19932514183	6.15097320393	6.21263954134	6.30405299937	6.2260106917	5.65993849877	6.1835525358	6.03227440611	5.91498685218	5.67076220772	5.90860018484	6.10159857586	5.9442193262	5.96824467594
alpha_rarefaction_4008_8.txt	4008	8	5.34484216808	6.30952419148	6.165904126	5.53994803931	6.64178087304	5.61088172021	6.09843398483	5.6545773597	6.2753108512	6.14727625395	5.60998258282	5.50992272679	6.14085884981	6.30794433998	5.87275051917	5.98370625639	5.77420818774	5.18338384362	6.15501751971	6.20851550938	6.19915008617	6.24111344828	6.19651027291	5.72794652151	6.16156948677	6.04493109747	5.90609212458	5.67773534054	5.91653097712	6.1075152472	5.93601762365	5.97436052488
alpha_rarefaction_4008_9.txt	4008	9	5.44247920058	6.27452609733	6.12910046352	5.46332560898	6.52193504722	5.58600995148	6.08873680636	5.67568305819	6.19918390418	6.12003112586	5.66987985304	5.51257454449	6.13174659018	6.27385559988	5.93777833289	5.96756607065	5.74260542879	5.16318452861	6.17658739217	6.16690403285	6.22801436436	6.28963347838	6.08827970858	5.64250744303	6.12420967524	6.07486621267	5.89282082521	5.62838447905	5.93757594124	6.07348900507	5.96834511577	6.01230488283
alpha_rarefaction_6007_0.txt	6007	0	5.37511150992	6.2360011712	6.0984555249	5.55289494184	6.59197817512	5.63081323494	6.17454240063	5.72778299703	6.21858730472	6.17622448973	5.64783097598	5.52171900038	6.09816004039	6.31830724919	5.92741719189	5.9926457316	5.80717474679	5.18299635599	6.14455752577	6.2036124367	6.23805048764	6.35292702653	6.2023731806	5.65201247354	6.18446769181	6.10274704195	5.91827112302	5.66454527442	5.94960175262	6.12538874457	5.91289818603	5.96659134044
alpha_rarefaction_6007_1.txt	6007	1	5.44294172084	6.24436603545	6.10190258991	5.49092806169	6.59306655529	5.66424738007	6.17051285661	5.74440282567	6.19821631573	6.19300980254	5.69184336177	5.46145815002	6.0514983375	6.32067504295	5.91665550723	5.96892434099	5.86555265873	5.19134661507	6.1119684186	6.23433840461	6.22898524926	6.3140811575	6.15082834603	5.73231308602	6.18404294156	6.10054904981	5.91199964272	5.66617600347	5.92415190544	6.10907024058	5.98772487353	6.00199070486
alpha_rarefaction_6007_2.txt	6007	2	5.40358200082	6.23667888504	6.12816298037	5.58588524492	6.627072926	5.65309511326	6.19962965718	5.66149968292	6.25147212993	6.16322624678	5.67329955058	5.55895976117	6.14300778515	6.30021876452	5.89530073207	6.00786938197	5.8124735734	5.11835468477	6.14007800459	6.20252593292	6.24881144857	6.3834633478	6.21176902996	5.64932354929	6.20815335253	6.09212271305	5.86523709286	5.6200194211	5.87810747356	6.14544003266	5.95957919598	5.99073359236
alpha_rarefaction_6007_3.txt	6007	3	5.38226203965	6.31143288621	6.07516809079	5.52901477536	6.61093961471	5.63347101464	6.17825946143	5.67817601168	6.27697466046	6.1564890049	5.68850460726	5.5239387553	6.12039821083	6.29874843797	5.92538641681	6.03246583464	5.80636511334	5.19546602662	6.1704595054	6.24581085432	6.18755818735	6.34627509533	6.20381944192	5.67854675709	6.20724761339	6.04394102	5.84198432868	5.66771720253	5.89660736432	6.1296070943	5.90039797642	6.00617995942
alpha_rarefaction_6007_4.txt	6007	4	5.37608979672	6.23271110734	6.10012373927	5.55278711447	6.61173020205	5.69918239156	6.17326404552	5.6745627457	6.24952517438	6.1866990748	5.66344719009	5.49000112424	6.07285552485	6.35202911011	5.8975286016	5.95637677379	5.82160487217	5.25059820605	6.15786751518	6.20222234853	6.27684555623	6.37754175119	6.16093942578	5.71619538866	6.17404277502	6.17434175698	5.88479903605	5.65088689991	5.898721937	6.11088257734	5.89286542136	6.00068714475
alpha_rarefaction_6007_5.txt	6007	5	5.39348808402	6.27542513238	6.11511844596	5.5489314077	6.64152362472	5.64989352495	6.21031229035	5.70568268784	6.23572685006	6.19433434057	5.64145941119	5.51539323533	6.14303046164	6.32421047725	5.90112265011	6.02403416359	5.76917359158	5.20485614523	6.19365840546	6.20394282993	6.23039739955	6.39634721685	6.19894992149	5.70817968798	6.18656483543	6.13058776175	5.90348973175	5.6439292348	5.95263726833	6.09865171907	5.95331190753	5.99718054291
alpha_rarefaction_6007_6.txt	6007	6	5.3619279214	6.23812047136	6.10418963799	5.53038418496	6.61053148553	5.69480218073	6.19493849719	5.65869434532	6.22825443078	6.20227811728	5.64068891466	5.46773586538	6.07736945444	6.28743127045	5.97317924925	5.96872578912	5.78349480534	5.18281087577	6.12683566625	6.1930414045	6.24234660231	6.37270558597	6.23020873029	5.7265828331	6.17938337617	6.08336157019	5.93189092199	5.67778182668	5.96949929461	6.09066798097	5.97191813469	5.99942426252
alpha_rarefaction_6007_7.txt	6007	7	5.40819344441	6.2279586986	6.0629540753	5.56224967615	6.59993941225	5.68376448195	6.21328027421	5.71427080803	6.23457746526	6.16468238599	5.69339582812	5.51869995923	6.13249145644	6.3021883496	5.89094646381	6.01424098005	5.84262910185	5.22112924228	6.09830534433	6.21141911208	6.30632229005	6.37138633419	6.22183709871	5.69428581007	6.16645603306	6.11553668828	5.85904905242	5.64581523758	5.96179832679	6.15692967168	5.95650334763	5.95782895565
alpha_rarefaction_6007_8.txt	6007	8	5.36388758987	6.27536584538	6.08205485427	5.53304826593	6.58927859517	5.61544326579	6.16152106748	5.68024477946	6.23928198978	6.14170332528	5.6565882923	5.51931725028	6.09366473376	6.30781301505	5.9172282746	6.01820630384	5.83849569529	5.18842111402	6.14711949162	6.27287950107	6.27267345869	6.34092857953	6.21708832202	5.61656838289	6.17447431199	6.11314380036	5.88944207286	5.67821333171	5.89827875393	6.08384587353	5.92962018722	5.93133912206
alpha_rarefaction_6007_9.txt	6007	9	5.36590674876	6.26668576805	6.10161920989	5.52245696771	6.59862197305	5.62132239057	6.19968770908	5.64169067973	6.3122514062	6.16314482732	5.65718774876	5.53872055604	6.08542679078	6.33252701758	5.91059228565	6.01184789019	5.75244744568	5.16878319895	6.12789899369	6.2663751244	6.25958234832	6.36791106313	6.1992461521	5.67259551317	6.18365118306	6.09431388946	5.9183551629	5.68091706654	5.91590462757	6.17426362985	5.93559883852	5.9710743047
alpha_rarefaction_8006_0.txt	8006	0	5.42988295254	6.25800455527	6.18112310955	5.56019984753	6.60541484123	5.62158178605	6.1942991107	5.69295897319	6.25380502947	6.19576974137	5.64184071366	5.50550847832	6.12482339458	6.30203222592	5.93078837299	5.98464309786	5.81411593947	5.24682295232	6.1771433414	6.19384169894	6.23082831376	6.38669757519	6.22883441577	5.66299493468	6.19695160457	6.10412605669	5.87172744966	5.65177993862	5.98380169198	6.13955956465	5.96607093959	6.00876095436
alpha_rarefaction_8006_1.txt	8006	1	5.41750314208	6.22970787819	6.14663917281	5.59593953782	6.5960811441	5.66739088116	6.19209466786	5.68747981642	6.2421643809	6.17088252811	5.66033766857	5.48351824886	6.10913518695	6.29964495831	5.91360552818	5.98760613351	5.78289339612	5.19552625935	6.17033110088	6.18824091116	6.28116318085	6.39864171229	6.18322955068	5.67956922135	6.2254609046	6.14742890517	5.90484318281	5.68198123381	5.93780550914	6.13410300435	5.96244772991	5.99005624371
alpha_rarefaction_8006_2.txt	8006	2	5.43743721861	6.32087688055	6.13416276677	5.53859763131	6.64974726221	5.67233541301	6.19811622708	5.71800515517	6.2231313616	6.18148175144	5.66334542488	5.52594738723	6.06839043137	6.29019306076	5.8598601159	6.04597013259	5.78629120439	5.13835421982	6.19390019996	6.19820721257	6.27272794134	6.37925036066	6.21369714083	5.66617757165	6.21039961883	6.10630995693	5.89928870217	5.6821168042	5.96274180226	6.16295614586	5.96130870465	5.95897665761
alpha_rarefaction_8006_3.txt	8006	3	5.39359200725	6.29928963076	6.11388805029	5.55898236237	6.57164675559	5.6770631909	6.21027264178	5.67025557324	6.27743678766	6.19870255787	5.67904099511	5.49068217355	6.12434219189	6.34572343721	5.93707656855	6.02401154714	5.82158461913	5.24174237822	6.18240913671	6.19955582705	6.28317085032	6.37887091781	6.1598910565	5.65037224502	6.18219320627	6.11126428937	5.93013091367	5.7072773912	5.94516928982	6.15973521145	5.95710865368	5.99049741241
alpha_rarefaction_8006_4.txt	8006	4	5.40550637151	6.2894341625	6.13917247802	5.52642857115	6.63078188597	5.62939986251	6.17575679014	5.66799496294	6.28477960131	6.1753253833	5.61825559379	5.51660890017	6.09836359433	6.33571789646	5.94260499837	5.98210128933	5.78170701219	5.19385840073	6.18254719829	6.22972691126	6.2667380423	6.3788399654	6.20750690629	5.68418824799	6.20288672069	6.13786465882	5.94318697493	5.66468571331	5.94434628815	6.17209710194	5.96349950398	5.97432786031
alpha_rarefaction_8006_5.txt	8006	5	5.40503045062	6.26986234563	6.13538755145	5.56340524312	6.64236349741	5.64192055983	6.20492013911	5.72133519919	6.249794249	6.16811835388	5.62654462656	5.48286905219	6.07681325085	6.37461307402	5.9287430079	6.02211491425	5.85086156647	5.20495582797	6.18570330285	6.20701806563	6.26140578992	6.36770652347	6.22855152557	5.64496804588	6.17477030373	6.09811760073	5.95774494466	5.62853107929	5.96198014237	6.15211680238	5.96286514345	5.98107698267
alpha_rarefaction_8006_6.txt	8006	6	5.34838490361	6.27591796046	6.20421951065	5.52160461423	6.60605603686	5.59536170803	6.17333149052	5.66816695696	6.25809124153	6.15816024744	5.64395937616	5.52574193276	6.09617049066	6.31218653476	5.93691719319	5.99528940313	5.81443748792	5.24317420312	6.1865684724	6.21883036424	6.27699451398	6.38060345077	6.23270821337	5.6854464595	6.180502538	6.13401685866	5.8766002004	5.67646420146	5.93527290411	6.1621471371	5.96118771341	5.99176109635
alpha_rarefaction_8006_7.txt	8006	7	5.38256876269	6.29357330318	6.09280179365	5.58351677842	6.60680428337	5.65108075336	6.20186921835	5.67103559063	6.23468919552	6.18326626707	5.64038649486	5.52712238442	6.12807430217	6.32954856642	5.96994309994	6.02684516406	5.7720134651	5.20515724854	6.17450885658	6.22168396634	6.26063774828	6.32698492222	6.20583768044	5.64205189146	6.14195916446	6.03704852203	5.90451897041	5.68493744975	5.94691863059	6.14301821308	5.99525309601	5.97037348417
alpha_rarefaction_8006_8.txt	8006	8	5.37076577468	6.28207898914	6.13836522394	5.5432501143	6.56813309179	5.64707222511	6.1704781127	5.70595161905	6.24328416101	6.18426114161	5.67029963691	5.44875042896	6.13537039502	6.31463616778	5.88877791389	6.0087807139	5.79098703107	5.22071627794	6.16695927987	6.23974281834	6.28086837551	6.36798627277	6.2274635605	5.68756883856	6.17776785923	6.13196703169	5.94267720665	5.64937232148	5.93823108085	6.12704344	5.95445957516	5.97202653991
alpha_rarefaction_8006_9.txt	8006	9	5.3730339061	6.29740271939	6.12554774549	5.54252194217	6.63752024898	5.66093107583	6.20972629897	5.68218468854	6.29263692602	6.1786923184	5.6594892105	5.54948483525	6.1274602042	6.32431237643	5.95124837009	6.00421538512	5.79012971411	5.19223605805	6.17369171533	6.20598330723	6.27199660903	6.3899137471	6.21034608889	5.67906169533	6.20593543913	6.12063025437	5.93390815715	5.66265901446	5.94362369424	6.16203902241	5.95400463137	5.96242423581
alpha_rarefaction_10005_0.txt	10005	0	5.39182625173	6.28953870437	6.14155883837	5.55790512211	6.6191936206	5.6685145216	6.17501549416	5.72965155246	6.26725302438	6.19788106845	5.66087081833	5.47805700553	6.08404840701	6.3159329925	5.90682684441	6.04578092733	5.80995853767	5.26482934209	6.17480752279	6.22541404638	6.27885791943	6.40006195855	6.22561435984	5.67263229714	6.17873126171	6.12442191673	5.89531160372	5.66300822618	5.93384670244	6.16254783585	5.98057904831	5.98493554429
alpha_rarefaction_10005_1.txt	10005	1	5.41036685361	6.27416546652	6.14834551183	5.57320815352	6.62105722293	5.65594421911	6.21922130411	5.69429251528	6.27766908557	6.2115912663	5.66327136005	5.51120272211	6.12991750019	6.34191365313	5.96047041933	6.01323413021	5.82743232376	5.24326530611	6.20920217127	6.24318030958	6.25355310131	6.38291504441	6.24128260099	5.67366458424	6.16241847889	6.11432371214	5.92989251437	5.66064306998	5.94761910679	6.14164485794	5.94494425872	5.94759416091
alpha_rarefaction_10005_2.txt	10005	2	5.37964876778	6.29733286868	6.14391234729	5.59825907552	6.59901434206	5.67282315905	6.19032824587	5.68914323679	6.26450593556	6.20574562167	5.65056609893	5.49570358798	6.12265856145	6.31447918388	5.92623380939	6.06887465533	5.79024914742	5.2120508664	6.18110659814	6.21777157859	6.28678825247	6.38344934374	6.23856434377	5.66685249433	6.20313646218	6.13152639014	5.92899366242	5.66763410405	5.95196289613	6.18018917804	5.97472392153	5.98186574171
alpha_rarefaction_10005_3.txt	10005	3	5.37152094341	6.27617412734	6.14039045933	5.55782811527	6.6537300838	5.66790816479	6.23798101685	5.69564824001	6.25590566445	6.16689138445	5.66385640768	5.51319323608	6.12984402965	6.3174156204	5.95347960097	6.01607222956	5.80491721872	5.27946111914	6.21427979721	6.26138465609	6.26493060207	6.41598615076	6.21745172627	5.66240894026	6.22655612074	6.08860565014	5.90305085641	5.64990997963	5.93033261396	6.11322118423	5.95971873864	5.95007288638
alpha_rarefaction_10005_4.txt	10005	4	5.39644983903	6.26434480508	6.13928771419	5.55588593767	6.6380784388	5.64993988084	6.21606493116	5.66271876222	6.25239152148	6.22218288549	5.70918364976	5.54630871078	6.09840899803	6.292105974	5.93513784333	5.97617720533	5.81488372936	5.21884992732	6.17869751142	6.21203958146	6.28096826029	6.35176181318	6.20136465565	5.68779449104	6.15954733071	6.14120389151	5.88485386244	5.62848042632	5.95392362514	6.14759539651	5.94875478529	6.01156148374
alpha_rarefaction_10005_5.txt	10005	5	5.39207175587	6.26770099547	6.12532231396	5.5333743066	6.63677167284	5.63384681816	6.22058193023	5.70167385342	6.2780577541	6.18854623032	5.70853501151	5.52309881424	6.10333163096	6.32216854953	5.93958480938	6.03256875301	5.7932746417	5.2307699407	6.16880786281	6.23454090442	6.27167214533	6.39881156344	6.21219512213	5.66094355147	6.20987957456	6.11208321986	5.91200642779	5.6776733245	5.94067939055	6.14150647864	5.94616191049	6.02312510558
alpha_rarefaction_10005_6.txt	10005	6	5.35764855309	6.28588627185	6.14221576419	5.52825684231	6.63096185255	5.64555754696	6.24519413797	5.70890161423	6.29156639808	6.18658515402	5.67958509321	5.48030376004	6.09440488403	6.34136207911	5.9386926624	6.0070591418	5.79653234552	5.21669691464	6.2030779517	6.24939873509	6.28194094457	6.3822774137	6.21470789849	5.70311686206	6.18946034825	6.14053710166	5.9041815049	5.64973103663	5.93905473311	6.14387980322	5.96561183745	6.00167342547
alpha_rarefaction_10005_7.txt	10005	7	5.45039800465	6.25098473917	6.14357733846	5.54066973943	6.64461302931	5.67697058957	6.19070058302	5.73690913402	6.2565108311	6.16435547443	5.64212232096	5.52069600399	6.12094907735	6.34129131719	5.97225554963	6.04554409422	5.82750124504	5.25902354533	6.16499371692	6.23375712316	6.26190157184	6.37841084327	6.22147077672	5.70845112156	6.21670147657	6.10718664287	5.91858740826	5.67828419426	5.95010706446	6.13294517526	5.95543017177	6.01767341048
alpha_rarefaction_10005_8.txt	10005	8	5.39439993842	6.29276907457	6.15638563225	5.54619515261	6.61285110416	5.67291512136	6.1594355921	5.68052143604	6.32864509537	6.19767266923	5.6565144847	5.5577711907	6.10089889885	6.36715141089	5.971324139	6.0062969336	5.84572778447	5.2608655504	6.16747087275	6.2655548394	6.26316688377	6.39006830873	6.21231723923	5.68750406705	6.20664624666	6.1524868531	5.93621511685	5.66148472286	5.93541423194	6.13612371615	5.98763713568	5.96847673895
alpha_rarefaction_10005_9.txt	10005	9	5.34654086612	6.29678079537	6.10241636435	5.53034650874	6.57100660887	5.67448691254	6.24824323077	5.68436490689	6.23510124629	6.1916363497	5.65627118896	5.50441790502	6.12236097827	6.36175247848	5.96125591729	5.99003413248	5.81691414875	5.24792931181	6.17355527838	6.22622760324	6.27385570955	6.39150773344	6.20527495464	5.68712570986	6.20469714728	6.16074554246	5.91703150309	5.67905126393	5.94047612899	6.16153029185	5.95044173489	6.02529057522
alpha_rarefaction_12004_0.txt	12004	0	5.41349091404	6.29287443984	6.19567763895	5.51967459602	6.6277118055	5.68341422039	6.22794844516	5.66235029533	6.26848484349	6.18798388744	5.69194936718	5.51495879728	6.14662337278	6.31335121924	5.98678872387	6.03410155775	5.79931265491	5.22713878227	6.17800085934	6.18932748826	6.28490154041	6.40662698899	6.20304141345	5.68479741431	6.17068331509	6.12621198094	5.88666936492	5.68972753893	5.97532102051	6.15672840921	5.98653704892	5.98110131395
alpha_rarefaction_12004_1.txt	12004	1	5.40165832622	6.30564708267	6.12533835302	5.59975624987	6.623537459	5.66442962945	6.22865965695	5.71779333284	6.25167574879	6.17298183056	5.68320952904	5.5096991719	6.12645496329	6.29556607667	5.94858411059	5.98405428292	5.81261881363	5.21733561031	6.16608397338	6.22139703655	6.27615959324	6.3636625406	6.20816986791	5.70362942597	6.19014194526	6.13557230493	5.90747990981	5.66504959213	5.94259038019	6.14864106273	5.984059421	6.00123852523
alpha_rarefaction_12004_2.txt	12004	2	5.41344117797	6.27789054892	6.13004407834	5.56488191933	6.62113572871	5.6762638764	6.19373469391	5.71627096883	6.27658754054	6.21030604093	5.70062209311	5.47644500667	6.0945504601	6.28009697174	5.97336935372	6.03871144304	5.7935900904	5.22058484421	6.17472076058	6.21985255638	6.24811774286	6.38213691513	6.2171531226	5.64387308684	6.23223097947	6.11544653719	5.9111770891	5.66496930792	5.95247609157	6.1735260189	5.94248497852	5.99456922257
alpha_rarefaction_12004_3.txt	12004	3	5.39613547775	6.26297957588	6.13203439587	5.54191007076	6.61563764426	5.65961421351	6.19969134138	5.7268904694	6.28848217437	6.20278882993	5.64798666099	5.55317601202	6.12989300967	6.35245966369	5.968591961	6.00338076795	5.79886602809	5.25088210688	6.18971606455	6.17267943221	6.28065314444	6.38806589251	6.22323357626	5.67303172056	6.19599803582	6.12388806108	5.92804507011	5.697506075	5.95050628181	6.13694471944	5.95522866353	5.98497726959
alpha_rarefaction_12004_4.txt	12004	4	5.35301986101	6.26623906949	6.0728601381	5.5192584582	6.67058403328	5.68862169613	6.20423558628	5.71239943154	6.27809644814	6.15970912652	5.63572680026	5.53641563876	6.13708552661	6.34928562931	5.93870119199	6.04158226322	5.85609478077	5.22242173431	6.21369909726	6.25193408762	6.27267782962	6.36273650684	6.21714493173	5.68646036512	6.17872514594	6.14828339319	5.92318651465	5.70473985375	5.94855941295	6.14967047487	5.94906709509	6.00908895639
alpha_rarefaction_12004_5.txt	12004	5	5.39764081306	6.26726716651	6.11823418549	5.54172811441	6.62965525817	5.62804686508	6.18290967361	5.67018542207	6.24237912827	6.20728504998	5.68281230812	5.53293461733	6.13286989258	6.32449412739	5.96651910702	6.0085976499	5.80493243097	5.22940282094	6.194598018	6.22671666387	6.28356749949	6.40207630858	6.20613976356	5.68896754904	6.20179591175	6.13161824114	5.92302450608	5.71162479985	5.95361626401	6.15985906417	5.95907874698	6.02438333363
alpha_rarefaction_12004_6.txt	12004	6	5.42783464827	6.29497825938	6.14207119754	5.54611296752	6.66022989018	5.6980625922	6.2341271284	5.72598140929	6.25323520443	6.18050153756	5.67342463543	5.51915756431	6.14238898639	6.34491605993	5.93978319934	6.02836998434	5.81328393078	5.20252957797	6.18629632439	6.23224572734	6.26540580624	6.36613763475	6.20113577714	5.66275411014	6.1939434501	6.10342764882	5.90169177078	5.67290048629	5.94448891529	6.11237199896	5.9849393582	6.00891248671
alpha_rarefaction_12004_7.txt	12004	7	5.40084118373	6.29420852843	6.11483018025	5.57833304412	6.59778833856	5.65637776131	6.22770167793	5.72714020638	6.22459253295	6.20615714378	5.69810793255	5.49222127882	6.09630603334	6.33072685595	5.93425079856	6.03729700991	5.844840861	5.21848677101	6.17288529948	6.21704075343	6.24265229301	6.37410827533	6.2207287226	5.68432586034	6.221367867	6.1712953413	5.91650075953	5.64086413851	5.9620201055	6.14507853848	5.95768717254	5.99774886453
alpha_rarefaction_12004_8.txt	12004	8	5.41758596534	6.27313949897	6.15689146942	5.5546217285	6.62879194272	5.67318095087	6.20442910511	5.66938886725	6.27495445858	6.22629175795	5.68889460246	5.54355159055	6.1268539292	6.35630537092	5.95109601287	6.01142480598	5.80410337101	5.18481663373	6.18806302733	6.23838092931	6.28964179184	6.36102547337	6.20834591586	5.67071791932	6.2413266338	6.12456266369	5.91033167253	5.70741900159	5.97720587777	6.15893913648	5.93623319266	5.98212500257
alpha_rarefaction_12004_9.txt	12004	9	5.38510742401	6.28568031197	6.14383807377	5.55692222374	6.631393317	5.68506668247	6.20210013001	5.73599460408	6.30688003846	6.15293478951	5.64774642739	5.51014801238	6.11764762538	6.35276108918	5.9528861807	5.99243497897	5.80219928339	5.21106763014	6.17799773451	6.24795996437	6.30506159889	6.36532258469	6.23674659099	5.68385747961	6.20592544115	6.0944443848	5.9228133191	5.6982823829	5.95609689611	6.20443079237	5.97728128857	5.98888810231
alpha_rarefaction_14003_0.txt	14003	0	5.41860244771	6.27313864239	6.1372806632	5.54329476472	6.63070511047	5.67564342984	6.21872532084	5.71034902735	6.24282559234	6.21313964361	5.69773723514	5.51673230978	6.10659260184	6.36108062867	5.92607812172	6.04596006055	5.82550728451	5.19688500261	6.19680357566	6.24933088887	6.30508132806	6.39771785961	6.24348172432	5.68110657278	6.20146329891	6.12683149533	5.93035795408	5.66379767497	5.96380883949	6.17605778432	5.96130060782	6.00487566107
alpha_rarefaction_14003_1.txt	14003	1	5.39038702507	6.28966329432	6.13216362862	5.56171179737	6.63658536106	5.68408790105	6.19431199734	5.6903857338	6.28761397559	6.20466285098	5.6684459912	5.50073985775	6.11017796196	6.34119636014	5.94322540676	6.02191906212	5.81293817258	5.23286485638	6.18544892633	6.23989855785	6.2982254223	6.36568518381	6.22547091226	5.68558248415	6.22338047157	6.0971279279	5.9225538043	5.67386579626	5.96532414494	6.1755913998	5.95655698748	5.99103824273
alpha_rarefaction_14003_2.txt	14003	2	5.39206192691	6.29529446721	6.12349169122	5.56485922491	6.63199434009	5.66823548053	6.2412859906	5.70734509463	6.29125398062	6.18390012839	5.69776081542	5.53089759497	6.11993622906	6.32984404797	5.93777369886	6.03095654679	5.77771630271	5.18679470632	6.21457863003	6.25691824826	6.27374541031	6.40540596333	6.24643625054	5.70604701835	6.20178262065	6.12387688557	5.95202620532	5.62876660628	5.95631216185	6.17509131723	5.94575252097	5.99515145037
alpha_rarefaction_14003_3.txt	14003	3	5.39438852982	6.32484482324	6.146371975	5.57556888447	6.62337183591	5.68819492552	6.19585964736	5.71459739172	6.28271272938	6.21057292798	5.7287044921	5.49634148799	6.11291678922	6.36029926868	5.96064107206	6.03119636987	5.82884176918	5.22153540879	6.17095875106	6.25484026216	6.25405360127	6.38367063141	6.24603127371	5.6994705917	6.20193997877	6.13561380551	5.90049474211	5.69970683904	5.96686959195	6.14161306081	5.97049775509	5.96559732607
alpha_rarefaction_14003_4.txt	14003	4	5.39943530348	6.25921346419	6.15995252546	5.57046485807	6.63754755231	5.64452095219	6.21605521384	5.70059752182	6.26795860371	6.23495671242	5.69166764249	5.56904810783	6.15016136032	6.33949345387	5.94667205094	6.0399981173	5.78243992511	5.24633816001	6.18823585433	6.25750692467	6.3086310482	6.40210843643	6.22400819005	5.69561612333	6.23174189879	6.15272631101	5.88955217847	5.68364479382	5.95610608601	6.16192075934	5.95757353184	5.99252303885
alpha_rarefaction_14003_5.txt	14003	5	5.40409455177	6.27736940832	6.11486220894	5.58244777767	6.62769711616	5.66357714975	6.20478967048	5.67682667696	6.29971453408	6.17161326643	5.67338127941	5.50966936845	6.12502559486	6.34442374665	5.97125572883	6.04633281163	5.80737824365	5.21241238921	6.20271717948	6.24092552537	6.29011585134	6.37863943615	6.23366707674	5.69593555877	6.2228000268	6.1060157765	5.89979352405	5.66349611835	5.95789517727	6.14263478894	5.95996137235	5.97737545477
alpha_rarefaction_14003_6.txt	14003	6	5.40300010275	6.30530610498	6.15246349342	5.53955975432	6.60855333931	5.64515827298	6.21791619962	5.70515682642	6.25511147106	6.19191542029	5.66426411133	5.49862753667	6.14049513751	6.33289160923	5.93304105269	6.00532025673	5.79086719817	5.20579899333	6.20481595457	6.26696415692	6.29412287145	6.38375772486	6.20721599851	5.69775441984	6.22722790946	6.11385282606	5.91466231453	5.70494434845	5.94592831889	6.15750173368	5.95239404069	6.00939549451
alpha_rarefaction_14003_7.txt	14003	7	5.4298731053	6.26154343849	6.15574264131	5.57491335624	6.59343091356	5.68678424498	6.22651256286	5.67275145851	6.28789520941	6.21526936353	5.70361887481	5.54240300144	6.14857112744	6.31520173303	5.91184570974	6.02182324432	5.83230396791	5.20999295072	6.19553826209	6.23411891168	6.30686829016	6.38978924127	6.2346761189	5.66426353958	6.21471087141	6.14627834005	5.88640619536	5.68290796622	5.96204351502	6.17699916224	5.96299757919	5.98357431395
alpha_rarefaction_14003_8.txt	14003	8	5.40497877947	6.27347828549	6.12766692812	5.56339678421	6.64603121347	5.65536633356	6.22205400336	5.73151533109	6.26101376493	6.168514496	5.69326024111	5.53844652395	6.12025392742	6.33248165894	5.95435982538	6.01212283337	5.80255922381	5.23479036355	6.20476639511	6.22278891607	6.26941556715	6.41246368934	6.22950178296	5.69964887794	6.19453126308	6.14520803977	5.92006217142	5.68007034815	5.94357967394	6.17800209765	5.96930485724	5.96777118891
alpha_rarefaction_14003_9.txt	14003	9	5.39690139776	6.31006258379	6.15714792328	5.56690599829	6.64062028528	5.6699853686	6.22446729701	5.71543345255	6.26011362753	6.22233253668	5.68177145347	5.53857986242	6.14009606832	6.32512957772	5.94771712867	5.99885248301	5.80199814223	5.20101121074	6.18306214874	6.26919878407	6.28456663127	6.3836068284	6.22732237848	5.69740767392	6.20824079655	6.11457868799	5.94402279639	5.68181585847	5.95739384011	6.1403465969	5.96927759607	5.97652346766
alpha_rarefaction_16002_0.txt	16002	0	5.41411610653	6.26336141922	6.14857897075	5.55506368349	6.62438609109	5.66308356648	6.23826401055	5.72086103766	6.27723084812	6.18848752647	5.69627583081	5.49657744292	6.08910921147	6.35083893624	5.9343519751	6.05442430526	5.80985377165	5.23108357282	6.19461398121	6.23417431696	6.282970991	6.37879765242	6.23668413104	5.70468866242	6.21371338568	6.14953201847	5.95616973981	5.68177325468	5.98019680294	6.11940135459	5.93611016765	5.97986347868
alpha_rarefaction_16002_1.txt	16002	1	5.41426451969	6.28973723191	6.14365311153	5.58504324461	6.63374687475	5.67398472318	6.23970977271	5.73047775451	6.265022926	6.17273777719	5.67355524648	5.53075975257	6.15729783344	6.34761926488	5.92709846588	6.04222452659	5.81235613178	5.22413686259	6.20021613711	6.21396751977	6.28149838517	6.3850338596	6.21728327972	5.71208080985	6.23126001198	6.11962804351	5.92250244061	5.66324013257	5.95656965063	6.13218016357	5.96409104977	6.01577286771
alpha_rarefaction_16002_2.txt	16002	2	5.39467005253	6.27732095639	6.12343814899	5.58409294259	6.63565633062	5.66645423934	6.24704558407	5.73532738883	6.30715974438	6.20697707453	5.6627228453	5.51999177556	6.14282726897	6.34849419122	5.92837523949	6.0067056415	5.83090492095	5.23789177738	6.21195547988	6.25759313168	6.28457403982	6.39006040159	6.22431235831	5.67831289622	6.19567277964	6.11824313047	5.91702362117	5.70507481041	5.94608522833	6.1630548086	5.95740075947	6.00588595686
alpha_rarefaction_16002_3.txt	16002	3	5.41473264713	6.31541919251	6.12006374387	5.58031406253	6.61352744297	5.66553639459	6.23710762962	5.75930379167	6.28325997149	6.21058583856	5.70540149876	5.532926641	6.15712901845	6.35667759187	5.96570344846	6.01798579789	5.81768408691	5.20812743321	6.19713865859	6.23890733872	6.28532996059	6.40420855695	6.24814519425	5.69392964994	6.20823591179	6.14629073923	5.92497906072	5.70640045609	5.93869591388	6.14331115465	5.97066124711	6.01091140249
alpha_rarefaction_16002_4.txt	16002	4	5.4253969323	6.27232131428	6.16487832752	5.57468731938	6.62204965073	5.65902525917	6.21394061003	5.7223509791	6.27527323973	6.21071090109	5.67885181217	5.55276228423	6.10639710017	6.32163050262	5.96989231659	6.03674088186	5.80502313257	5.25451743486	6.18797923099	6.24440063041	6.28270679972	6.39778564821	6.23483392684	5.67530640137	6.23668300127	6.1320468612	5.90027152302	5.67522177259	5.97106744934	6.15217822966	5.96645512008	6.02735449312
alpha_rarefaction_16002_5.txt	16002	5	5.40186624239	6.27709230436	6.1293135611	5.58186560335	6.6096555149	5.68074386769	6.23263000403	5.69970363825	6.29743597113	6.17255996748	5.68631724823	5.53371671149	6.15235213665	6.35776330629	5.96024594369	5.99841049695	5.82039540928	5.22029901102	6.19204612671	6.24338294965	6.30242193807	6.38429628774	6.2139228264	5.68923052489	6.22355655534	6.13752542617	5.93448480701	5.6800508138	5.95672309114	6.15375104102	5.98083698275	5.99609213401
alpha_rarefaction_16002_6.txt	16002	6	5.45008500927	6.31263003935	6.1655744634	5.57078386363	6.63464840224	5.66957596366	6.25215643169	5.7270985444	6.27415809477	6.19127271886	5.67989498014	5.56311833335	6.13010098241	6.32169505826	5.92898664852	6.02855657083	5.80418797487	5.257423515	6.18970013284	6.23783483597	6.28123491604	6.37040497074	6.2469970807	5.69759813119	6.21891850506	6.11133941466	5.90376554846	5.70047413001	5.95184890953	6.18678726507	5.97043763008	5.97690150172
alpha_rarefaction_16002_7.txt	16002	7	5.40818362774	6.30185576908	6.11930099785	5.55374922005	6.65163891504	5.67592568742	6.19447933049	5.70780663521	6.27588985576	6.23375534437	5.67685482073	5.51189323856	6.10498848785	6.36052373479	5.92333432688	6.01082539858	5.83779806123	5.22986007544	6.1629039144	6.23850807859	6.28610408851	6.38510489147	6.23353683317	5.69402912545	6.21091779029	6.12348563613	5.91408526902	5.67988428658	5.96307606021	6.16962817555	5.9560651737	6.01501227492
alpha_rarefaction_16002_8.txt	16002	8	5.4091701578	6.29488450415	6.13447814674	5.55304927267	6.65332723296	5.65838660199	6.21280227901	5.72158384693	6.28058153578	6.17697104754	5.67757774102	5.52667098821	6.16627273144	6.35530782399	5.91374982362	6.05123617565	5.80227466621	5.22696700704	6.21419337681	6.23007634702	6.31051899599	6.40177034987	6.21791600139	5.67789221458	6.20568460887	6.12170124089	5.93188549277	5.67743018448	5.95218947313	6.16546885502	5.97732616853	5.99696024919
alpha_rarefaction_16002_9.txt	16002	9	5.41503283601	6.23096778141	6.16043146086	5.57810716522	6.62582780411	5.65749110859	6.19598691272	5.72391470882	6.27762773676	6.18450917853	5.66543981784	5.51889823836	6.13552269468	6.32688766151	5.96016705455	6.02554602082	5.83221941903	5.22494143261	6.19008126874	6.21792543163	6.27803749955	6.381910865	6.25993085567	5.68680570643	6.22528942405	6.1366102842	5.92903925391	5.66674284781	5.971610076	6.14987246207	5.96206538229	5.99829070382
alpha_rarefaction_18001_0.txt	18001	0	5.392203404	6.27771555737	6.14761204462	5.56285743514	6.63737964378	5.71478207561	6.22676164343	5.7092289632	6.32212347224	6.21773493666	5.67660847361	5.50974994033	6.1208997882	6.32960825562	5.98403770946	6.03426377536	5.83385414611	5.20280664026	6.17214880719	6.25100317645	6.28189466793	6.40372507053	6.2427624627	5.6889439131	6.21646877022	6.12549469313	5.93552663167	5.68624066052	5.9464724267	6.13519978401	5.98545979729	5.97968674334
alpha_rarefaction_18001_1.txt	18001	1	5.41292494091	6.28356901284	6.13821425897	5.57519236973	6.61352916326	5.71516005365	6.21620917908	5.70501140565	6.30472544045	6.19793747192	5.66738007883	5.54149230901	6.12974727444	6.34033867984	5.94208007045	6.01205986203	5.81652101737	5.24276384614	6.20707205942	6.24873408841	6.29576638664	6.39695030669	6.25205238358	5.69257684176	6.19636036601	6.12328780256	5.9254200692	5.67064443548	5.95905030374	6.13727775699	5.95187754547	5.98472383937
alpha_rarefaction_18001_2.txt	18001	2	5.38776480463	6.29182983075	6.14829768262	5.54678695288	6.63585500277	5.68935619	6.1950762663	5.71901595519	6.30721896163	6.21382065047	5.69487906795	5.53537176292	6.12097793399	6.3428236127	5.95457184574	6.02846252689	5.82047518276	5.22460166631	6.19391549746	6.21875675235	6.29706941982	6.41161442892	6.22128462382	5.73400868516	6.22173288408	6.12244563061	5.91552795936	5.65691866892	5.96484489334	6.13243936315	5.96687954937	5.98604081992
alpha_rarefaction_18001_3.txt	18001	3	5.40120953016	6.30133021843	6.15401083734	5.55904163949	6.63563661549	5.67616422676	6.23685175325	5.71923269088	6.28817736646	6.17586269777	5.68626793013	5.53633569085	6.11926480638	6.35369336521	5.95533283157	6.04110315215	5.81500324884	5.2229869159	6.19832251777	6.26383683202	6.30888052022	6.38780363617	6.23368119362	5.69024859777	6.22486814989	6.13743732975	5.93163899223	5.67859975952	5.96022440156	6.16798979456	5.95997381907	5.97329051569
alpha_rarefaction_18001_4.txt	18001	4	5.38962618545	6.30010965795	6.15912999424	5.54260298988	6.6345153715	5.6755907859	6.22560119291	5.72118727728	6.30150078187	6.18317439003	5.68813729809	5.53079301656	6.1331661465	6.33248133969	5.92589827988	6.03926611159	5.81322838295	5.21857413139	6.18538354633	6.22899399024	6.2893408439	6.3804822644	6.22084347556	5.70037768453	6.23626061993	6.15244803539	5.91810453869	5.68794135114	5.96843461255	6.1619899379	5.96377248379	5.99899272232
alpha_rarefaction_18001_5.txt	18001	5	5.41028396688	6.27162717144	6.12941559776	5.56941241203	6.63024605898	5.66743718421	6.24307719009	5.70709426447	6.29259615674	6.19264870487	5.68562701243	5.51285403792	6.12519127737	6.34166841389	5.94415464772	6.02799650303	5.83900994607	5.24710760776	6.19146250708	6.25558083763	6.26416586821	6.37996025909	6.21245930942	5.68345913596	6.21506102933	6.13846337874	5.91648329013	5.69044989459	5.95930649653	6.18844009747	5.964510687	6.01095468801
alpha_rarefaction_18001_6.txt	18001	6	5.40326772815	6.28217483777	6.13442688267	5.53633763142	6.65398091904	5.6660399662	6.23395273023	5.74263013556	6.28208135108	6.21228608807	5.70078201682	5.55549699742	6.13108774714	6.34078512339	5.93899653376	6.04660611075	5.82646650886	5.19464688147	6.18350737623	6.22929744907	6.28531496462	6.38789519439	6.22535918562	5.68445528934	6.21195834285	6.13112339321	5.9046364502	5.67026704482	5.95855680972	6.16081537383	5.96324595701	6.02697317022
alpha_rarefaction_18001_7.txt	18001	7	5.42279644804	6.30179106304	6.16096061371	5.56143446208	6.66949367021	5.65040109195	6.2140513246	5.69212110087	6.3078072831	6.22279558603	5.69257988031	5.50623071976	6.11898848806	6.36564254812	5.9627383313	6.01634869483	5.82996710013	5.20524120568	6.17694412578	6.2316017026	6.28507079899	6.38880045828	6.23173685737	5.69786552472	6.22930980437	6.16498181381	5.93743769478	5.65237467003	5.95616260896	6.17099852227	5.96836776044	5.98774811009
alpha_rarefaction_18001_8.txt	18001	8	5.4082282377	6.28658599664	6.15832574571	5.58470608294	6.64287142875	5.660606287	6.20404085748	5.70575080928	6.29759238102	6.2187043907	5.70580068771	5.52957160691	6.12296953761	6.35708120903	5.95846893006	6.03032582627	5.85272493482	5.23121116001	6.18830430745	6.24128472987	6.27971275862	6.37306223578	6.21718552787	5.69733522325	6.22084816602	6.12888018748	5.91991413804	5.69289752914	5.95265321525	6.14173769585	5.96859178911	6.00196133808
alpha_rarefaction_18001_9.txt	18001	9	5.40340795529	6.27402002362	6.17152231042	5.56857562027	6.61440307608	5.70792444906	6.23034979962	5.71802816121	6.27844731883	6.19964289843	5.68002162279	5.52969769496	6.12113655391	6.34401229105	5.94782196837	6.0382041768	5.80159784179	5.24606644863	6.20058234512	6.23485792738	6.27232953227	6.40966358037	6.22384501323	5.669111913	6.22286269402	6.12174369437	5.92785281563	5.66554134728	5.95018343135	6.16805040385	5.98401858974	6.0117060254
alpha_rarefaction_20000_0.txt	20000	0	5.41090194398	6.30308567959	6.13662283554	5.56066206861	6.63078278736	5.68866744241	6.19349547086	5.73514372844	6.27868555683	6.20770255341	5.69821390531	5.53217439557	6.12401959103	6.37386545643	5.96067033417	6.02465000735	5.80821558887	5.25812466548	6.18989776451	6.25826404386	6.28374730896	6.38323261724	6.22436378115	5.68897974743	6.21926122155	6.13585247008	5.92211106906	5.70222062347	5.95685894676	6.19520317035	5.97119446987	5.98820450319
alpha_rarefaction_20000_1.txt	20000	1	5.39728816422	6.2891509927	6.16123699251	5.57812966821	6.63911794295	5.65388019248	6.24223705117	5.71984231953	6.28403421113	6.20437855191	5.68462370118	5.52164780034	6.11514611937	6.31318822737	5.94990707219	6.05407178345	5.81984420983	5.23509743808	6.20432124309	6.24434442887	6.28962001106	6.38075064466	6.23364694031	5.74046888869	6.21002243645	6.12828450392	5.89985694304	5.6798916501	5.96011575083	6.17063983022	5.97166515973	5.99054339495
alpha_rarefaction_20000_2.txt	20000	2	5.42529487665	6.30656163531	6.13916127048	5.54727174495	6.63974533854	5.63941536298	6.20023557129	5.70592621461	6.26985715901	6.21116721928	5.71132264542	5.54105135671	6.14047616595	6.35427702412	5.92524522194	6.03860134991	5.8331988347	5.23733844949	6.19697455145	6.24452931552	6.29144990655	6.3940908223	6.23164381391	5.72561219676	6.1922587844	6.16652157247	5.93472318056	5.67462745482	5.96269242229	6.1673943868	5.95928834301	5.99479921581
alpha_rarefaction_20000_3.txt	20000	3	5.38584371476	6.29567624344	6.15639290882	5.58374134352	6.63593186663	5.66194065357	6.23978270311	5.70201812368	6.27895430946	6.19964378297	5.70736695348	5.52211398124	6.12680751507	6.33469703843	5.96216963927	6.0225383766	5.83058055027	5.24079263565	6.2026977573	6.24142662409	6.28830843341	6.39326091586	6.24370412414	5.70072336982	6.22823681161	6.13716302884	5.9229429958	5.7140083663	5.95903801794	6.15913660699	5.97869960138	5.98483966191
alpha_rarefaction_20000_4.txt	20000	4	5.42114912687	6.29650485441	6.14744497454	5.5652096587	6.61313433636	5.6669016664	6.21702599661	5.72609813999	6.29011666862	6.20630326506	5.66461217157	5.52729507666	6.12198271334	6.34619679856	5.93314602866	6.00868296396	5.82239294346	5.22529051761	6.20336046184	6.2316756082	6.27674090796	6.40165836989	6.22787505081	5.70197242177	6.23601770612	6.13290777467	5.90868927301	5.69298735591	5.96189476705	6.17232195832	5.96565562447	5.98801487463
alpha_rarefaction_20000_5.txt	20000	5	5.42130383734	6.30930961403	6.13992958821	5.57376760651	6.64760058453	5.67303729568	6.22465241914	5.68554446957	6.30030194	6.200872179	5.69904226932	5.53147879825	6.1629761643	6.32337235492	5.92852384455	6.03230760503	5.81484244737	5.21141625111	6.18932459518	6.2507318727	6.30153530484	6.37393053123	6.24868476308	5.72661976256	6.23733216765	6.15665246691	5.89835849203	5.68784906239	5.95928381896	6.16412173556	5.96405125144	6.00275346372
alpha_rarefaction_20000_6.txt	20000	6	5.45311571034	6.31223839247	6.14639235802	5.54716899631	6.63665605835	5.67661468533	6.21886000659	5.70187494299	6.28530240079	6.21682288629	5.6699724592	5.53314824482	6.12747927342	6.34111134431	5.95635916778	6.01892941315	5.81325809586	5.20319906702	6.19643849648	6.2200824573	6.28258104676	6.37695670303	6.23388258462	5.67955999609	6.2340519609	6.12951745661	5.92957259519	5.6943629698	5.9650293592	6.14076316943	5.96856248066	5.99568421088
alpha_rarefaction_20000_7.txt	20000	7	5.39664287034	6.28594962244	6.153419305	5.54709285678	6.63546686869	5.68013529551	6.20568884597	5.70636305361	6.274459011	6.21115018949	5.6935839779	5.51100691492	6.15221985958	6.35545798232	5.95171501839	6.02670288513	5.82264957634	5.20328707838	6.18968541072	6.25900909912	6.28355324134	6.38267127256	6.23119338277	5.68720324722	6.214542215	6.14274102296	5.94321433448	5.69236324457	5.95862125206	6.15291876772	5.97565787994	5.99959480686
alpha_rarefaction_20000_8.txt	20000	8	5.40799066177	6.30138477563	6.15936813895	5.57423930956	6.63927923331	5.67215942589	6.20364870378	5.67698062238	6.28285569892	6.20333775139	5.68882907705	5.53663117483	6.14768873974	6.3408460007	5.96886033197	6.0500074472	5.81399541041	5.25184316254	6.18354918756	6.26750880642	6.29366807126	6.37124090471	6.21697037973	5.68819382088	6.20887734925	6.12605493833	5.93459165859	5.70554250193	5.95599892477	6.16132874452	5.97287435203	5.98675935133
alpha_rarefaction_20000_9.txt	20000	9	5.44456765478	6.29263031797	6.14184489592	5.56656838503	6.64335214442	5.67856177592	6.22121672542	5.73752227252	6.27880340013	6.1937912535	5.71097598804	5.5327489892	6.13174354676	6.33341206448	5.94013826298	6.02006533013	5.81794779737	5.21835093941	6.19025218805	6.22748336348	6.2880810117	6.37306779126	6.2350180285	5.70743150231	6.23325527828	6.12138423501	5.90405444801	5.68746263445	5.95322461098	6.1478671612	5.96590560178	5.99999027495